0 0.03076171875 0.1845703125 0.0595703125 0.166015625
0 0.03076171875 0.1845703125 0.0595703125 0.166015625
0 0.11669921875 0.1025390625 0.1376953125 0.138671875
0 0.11669921875 0.1025390625 0.1376953125 0.138671875
0 0.33935546875 0.02734375 0.1279296875 0.052734375
0 0.33935546875 0.02734375 0.1279296875 0.052734375
0 0.21484375 0.41357421875 0.0703125 0.0888671875
0 0.21484375 0.41357421875 0.0703125 0.0888671875
0 0.14599609375 0.37841796875 0.0634765625 0.0400390625
0 0.14599609375 0.37841796875 0.0634765625 0.0400390625
0 0.033203125 0.64208984375 0.064453125 0.1494140625
0 0.033203125 0.64208984375 0.064453125 0.1494140625
0 0.17626953125 0.72705078125 0.1513671875 0.1552734375
0 0.17626953125 0.72705078125 0.1513671875 0.1552734375
0 0.32373046875 0.7685546875 0.1259765625 0.126953125
0 0.32373046875 0.7685546875 0.1259765625 0.126953125
0 0.0244140625 0.92333984375 0.046875 0.1455078125
0 0.0244140625 0.92333984375 0.046875 0.1455078125
0 0.11328125 0.853515625 0.15625 0.099609375
0 0.11328125 0.853515625 0.15625 0.099609375
0 0.6953125 0.61083984375 0.119140625 0.1181640625
0 0.6953125 0.61083984375 0.119140625 0.1181640625
0 0.3505859375 0.62939453125 0.0625 0.0634765625
0 0.3505859375 0.62939453125 0.0625 0.0634765625
0 0.43212890625 0.7568359375 0.0380859375 0.05078125
0 0.43212890625 0.7568359375 0.0380859375 0.05078125
0 0.49365234375 0.71337890625 0.0498046875 0.0380859375
0 0.49365234375 0.71337890625 0.0498046875 0.0380859375
0 0.7158203125 0.69775390625 0.07421875 0.0615234375
0 0.7158203125 0.69775390625 0.07421875 0.0615234375
0 0.15625 0.9423828125 0.189453125 0.115234375
0 0.15625 0.9423828125 0.189453125 0.115234375
0 0.8701171875 0.02294921875 0.12890625 0.0439453125
0 0.8701171875 0.02294921875 0.12890625 0.0439453125
0 0.72802734375 0.42431640625 0.1396484375 0.1298828125
0 0.72802734375 0.42431640625 0.1396484375 0.1298828125
0 0.7529296875 0.99267578125 0.08203125 0.0146484375
0 0.7529296875 0.99267578125 0.08203125 0.0146484375
0 0.9150390625 0.93017578125 0.166015625 0.1396484375
0 0.9150390625 0.93017578125 0.166015625 0.1396484375