0 0.17333984375 0.05810546875 0.1376953125 0.1142578125
0 0.17333984375 0.05810546875 0.1376953125 0.1142578125
0 0.48974609375 0.0712890625 0.1337890625 0.140625
0 0.48974609375 0.0712890625 0.1337890625 0.140625
0 0.07470703125 0.36572265625 0.1474609375 0.1533203125
0 0.07470703125 0.36572265625 0.1474609375 0.1533203125
0 0.162109375 0.33544921875 0.037109375 0.0380859375
0 0.162109375 0.33544921875 0.037109375 0.0380859375
0 0.03466796875 0.4814453125 0.0673828125 0.13671875
0 0.03466796875 0.4814453125 0.0673828125 0.13671875
0 0.0078125 0.6669921875 0.013671875 0.123046875
0 0.0078125 0.6669921875 0.013671875 0.123046875
0 0.17431640625 0.5947265625 0.1162109375 0.134765625
0 0.17431640625 0.5947265625 0.1162109375 0.134765625
0 0.4892578125 0.462890625 0.103515625 0.080078125
0 0.4892578125 0.462890625 0.103515625 0.080078125
0 0.4833984375 0.712890625 0.169921875 0.171875
0 0.4833984375 0.712890625 0.169921875 0.171875
0 0.048828125 0.9267578125 0.015625 0.013671875
0 0.048828125 0.9267578125 0.015625 0.013671875
0 0.146484375 0.94482421875 0.171875 0.1103515625
0 0.146484375 0.94482421875 0.171875 0.1103515625
0 0.578125 0.97119140625 0.099609375 0.0576171875
0 0.578125 0.97119140625 0.099609375 0.0576171875
0 0.81005859375 0.099609375 0.0654296875 0.052734375
0 0.81005859375 0.099609375 0.0654296875 0.052734375
0 0.89794921875 0.30126953125 0.1708984375 0.1533203125
0 0.89794921875 0.30126953125 0.1708984375 0.1533203125
0 0.818359375 0.5791015625 0.10546875 0.1015625
0 0.818359375 0.5791015625 0.10546875 0.1015625
0 0.9794921875 0.55517578125 0.041015625 0.1337890625
0 0.9794921875 0.55517578125 0.041015625 0.1337890625
0 0.61767578125 0.86083984375 0.1376953125 0.1318359375
0 0.61767578125 0.86083984375 0.1376953125 0.1318359375
0 0.8505859375 0.91064453125 0.123046875 0.1591796875
0 0.8505859375 0.91064453125 0.123046875 0.1591796875