0 0.400390625 0.12841796875 0.125 0.1513671875
0 0.400390625 0.12841796875 0.125 0.1513671875
0 0.126953125 0.1640625 0.056640625 0.04296875
0 0.126953125 0.1640625 0.056640625 0.04296875
0 0.05615234375 0.14111328125 0.0400390625 0.0556640625
0 0.05615234375 0.14111328125 0.0400390625 0.0556640625
0 0.1962890625 0.373046875 0.05859375 0.0625
0 0.1962890625 0.373046875 0.05859375 0.0625
0 0.05419921875 0.5107421875 0.0556640625 0.125
0 0.05419921875 0.5107421875 0.0556640625 0.125
0 0.2021484375 0.52490234375 0.09375 0.0810546875
0 0.2021484375 0.52490234375 0.09375 0.0810546875
0 0.03271484375 0.89599609375 0.0634765625 0.0888671875
0 0.03271484375 0.89599609375 0.0634765625 0.0888671875
0 0.36669921875 0.80078125 0.0791015625 0.125
0 0.36669921875 0.80078125 0.0791015625 0.125
0 0.400390625 0.9228515625 0.107421875 0.142578125
0 0.400390625 0.9228515625 0.107421875 0.142578125
0 0.24853515625 0.92724609375 0.1240234375 0.1083984375
0 0.24853515625 0.92724609375 0.1240234375 0.1083984375
0 0.80615234375 0.0634765625 0.1357421875 0.125
0 0.80615234375 0.0634765625 0.1357421875 0.125
0 0.4482421875 0.29736328125 0.1171875 0.0849609375
0 0.4482421875 0.29736328125 0.1171875 0.0849609375
0 0.490234375 0.56201171875 0.14453125 0.1513671875
0 0.490234375 0.56201171875 0.14453125 0.1513671875
0 0.45849609375 0.4287109375 0.0869140625 0.05078125
0 0.45849609375 0.4287109375 0.0869140625 0.05078125
0 0.7099609375 0.55419921875 0.142578125 0.1533203125
0 0.7099609375 0.55419921875 0.142578125 0.1533203125
0 0.78173828125 0.73779296875 0.0830078125 0.1123046875
0 0.78173828125 0.73779296875 0.0830078125 0.1123046875
0 0.57421875 0.9521484375 0.095703125 0.08984375
0 0.57421875 0.9521484375 0.095703125 0.08984375
0 0.69287109375 0.92529296875 0.1513671875 0.1455078125
0 0.69287109375 0.92529296875 0.1513671875 0.1455078125
0 0.74951171875 0.8671875 0.1240234375 0.103515625
0 0.74951171875 0.8671875 0.1240234375 0.103515625