0 0.0419921875 0.37109375 0.08203125 0.142578125
0 0.0419921875 0.37109375 0.08203125 0.142578125
0 0.0712890625 0.279296875 0.126953125 0.130859375
0 0.0712890625 0.279296875 0.126953125 0.130859375
0 0.06640625 0.51513671875 0.123046875 0.1181640625
0 0.06640625 0.51513671875 0.123046875 0.1181640625
0 0.24951171875 0.98486328125 0.0673828125 0.0302734375
0 0.24951171875 0.98486328125 0.0673828125 0.0302734375
0 0.34228515625 0.572265625 0.1142578125 0.1171875
0 0.34228515625 0.572265625 0.1142578125 0.1171875
0 0.39453125 0.255859375 0.060546875 0.052734375
0 0.39453125 0.255859375 0.060546875 0.052734375
0 0.4541015625 0.23095703125 0.052734375 0.0322265625
0 0.4541015625 0.23095703125 0.052734375 0.0322265625
0 0.3427734375 0.4794921875 0.04296875 0.041015625
0 0.3427734375 0.4794921875 0.04296875 0.041015625
0 0.62109375 0.3193359375 0.16796875 0.158203125
0 0.62109375 0.3193359375 0.16796875 0.158203125
0 0.73681640625 0.470703125 0.1611328125 0.166015625
0 0.73681640625 0.470703125 0.1611328125 0.166015625
0 0.8740234375 0.29296875 0.09765625 0.109375
0 0.8740234375 0.29296875 0.09765625 0.109375
0 0.94140625 0.4423828125 0.09375 0.0546875
0 0.94140625 0.4423828125 0.09375 0.0546875
0 0.6357421875 0.70263671875 0.087890625 0.1259765625
0 0.6357421875 0.70263671875 0.087890625 0.1259765625
0 0.69384765625 0.7587890625 0.0634765625 0.060546875
0 0.69384765625 0.7587890625 0.0634765625 0.060546875
0 0.76611328125 0.69970703125 0.0498046875 0.0498046875
0 0.76611328125 0.69970703125 0.0498046875 0.0498046875
0 0.91015625 0.6669921875 0.115234375 0.13671875
0 0.91015625 0.6669921875 0.115234375 0.13671875
0 0.9921875 0.58056640625 0.015625 0.0458984375
0 0.9921875 0.58056640625 0.015625 0.0458984375
0 0.37109375 0.9736328125 0.0546875 0.052734375
0 0.37109375 0.9736328125 0.0546875 0.052734375
0 0.66015625 0.9462890625 0.15234375 0.107421875
0 0.66015625 0.9462890625 0.15234375 0.107421875
0 0.78564453125 0.89208984375 0.0732421875 0.0498046875
0 0.78564453125 0.89208984375 0.0732421875 0.0498046875
0 0.7734375 0.78955078125 0.0625 0.0361328125
0 0.7734375 0.78955078125 0.0625 0.0361328125