0 0.0732421875 0.33984375 0.08203125 0.1015625
0 0.0732421875 0.33984375 0.08203125 0.1015625
0 0.2724609375 0.52490234375 0.107421875 0.1240234375
0 0.2724609375 0.52490234375 0.107421875 0.1240234375
0 0.01416015625 0.72216796875 0.0263671875 0.0693359375
0 0.01416015625 0.72216796875 0.0263671875 0.0693359375
0 0.13916015625 0.958984375 0.1103515625 0.08203125
0 0.13916015625 0.958984375 0.1103515625 0.08203125
0 0.50537109375 0.2177734375 0.1572265625 0.140625
0 0.50537109375 0.2177734375 0.1572265625 0.140625
0 0.61572265625 0.16064453125 0.1845703125 0.1904296875
0 0.61572265625 0.16064453125 0.1845703125 0.1904296875
0 0.68603515625 0.1982421875 0.1142578125 0.1484375
0 0.68603515625 0.1982421875 0.1142578125 0.1484375
0 0.90234375 0.44677734375 0.1484375 0.1474609375
0 0.90234375 0.44677734375 0.1484375 0.1474609375
0 0.7578125 0.654296875 0.146484375 0.166015625
0 0.7578125 0.654296875 0.146484375 0.166015625
0 0.57177734375 0.64892578125 0.0693359375 0.0517578125
0 0.57177734375 0.64892578125 0.0693359375 0.0517578125
0 0.65673828125 0.76904296875 0.1396484375 0.1044921875
0 0.65673828125 0.76904296875 0.1396484375 0.1044921875
0 0.408203125 0.80859375 0.130859375 0.123046875
0 0.408203125 0.80859375 0.130859375 0.123046875
0 0.84765625 0.8359375 0.107421875 0.1484375
0 0.84765625 0.8359375 0.107421875 0.1484375