0 0.001953125 0.0458984375 0.001953125 0.005859375
0 0.001953125 0.0458984375 0.001953125 0.005859375
0 0.0458984375 0.17919921875 0.08984375 0.1259765625
0 0.0458984375 0.17919921875 0.08984375 0.1259765625
0 0.02783203125 0.35546875 0.0537109375 0.158203125
0 0.02783203125 0.35546875 0.0537109375 0.158203125
0 0.158203125 0.4111328125 0.0703125 0.0859375
0 0.158203125 0.4111328125 0.0703125 0.0859375
0 0.2353515625 0.3515625 0.142578125 0.1328125
0 0.2353515625 0.3515625 0.142578125 0.1328125
0 0.20166015625 0.67724609375 0.1337890625 0.1181640625
0 0.20166015625 0.67724609375 0.1337890625 0.1181640625
0 0.15869140625 0.73291015625 0.1533203125 0.1591796875
0 0.15869140625 0.73291015625 0.1533203125 0.1591796875
0 0.0458984375 0.7705078125 0.08984375 0.1015625
0 0.0458984375 0.7705078125 0.08984375 0.1015625
0 0.2236328125 0.56396484375 0.130859375 0.1064453125
0 0.2236328125 0.56396484375 0.130859375 0.1064453125
0 0.9765625 0.2763671875 0.046875 0.060546875
0 0.9765625 0.2763671875 0.046875 0.060546875
0 0.9970703125 0.4072265625 0.005859375 0.064453125
0 0.9970703125 0.4072265625 0.005859375 0.064453125
0 0.955078125 0.56884765625 0.060546875 0.1064453125
0 0.955078125 0.56884765625 0.060546875 0.1064453125
0 0.80712890625 0.88720703125 0.0634765625 0.0634765625
0 0.80712890625 0.88720703125 0.0634765625 0.0634765625