0 0.1474609375 0.06402737047898338 0.13671875 0.12023460410557185
0 0.1474609375 0.06402737047898338 0.13671875 0.12023460410557185
0 0.080078125 0.3919843597262952 0.140625 0.13685239491691104
0 0.080078125 0.3919843597262952 0.140625 0.13685239491691104
0 0.0244140625 0.49608993157380255 0.046875 0.03225806451612903
0 0.0244140625 0.49608993157380255 0.046875 0.03225806451612903
0 0.02392578125 0.8929618768328446 0.0224609375 0.020527859237536656
0 0.02392578125 0.8929618768328446 0.0224609375 0.020527859237536656
0 0.8115234375 0.02737047898338221 0.13671875 0.05278592375366569
0 0.8115234375 0.02737047898338221 0.13671875 0.05278592375366569
0 0.9267578125 0.010263929618768328 0.0859375 0.01857282502443793
0 0.9267578125 0.010263929618768328 0.0859375 0.01857282502443793
0 0.78515625 0.2209188660801564 0.060546875 0.08406647116324535
0 0.78515625 0.2209188660801564 0.060546875 0.08406647116324535
0 0.8544921875 0.25024437927663734 0.15234375 0.15835777126099707
0 0.8544921875 0.25024437927663734 0.15234375 0.15835777126099707
0 0.72412109375 0.35826001955034215 0.1689453125 0.1710654936461388
0 0.72412109375 0.35826001955034215 0.1689453125 0.1710654936461388
0 0.91162109375 0.35239491691104596 0.1376953125 0.1436950146627566
0 0.91162109375 0.35239491691104596 0.1376953125 0.1436950146627566
0 0.34423828125 0.4447702834799609 0.1279296875 0.13294232649071358
0 0.34423828125 0.4447702834799609 0.1279296875 0.13294232649071358
0 0.6484375 0.5097751710654936 0.123046875 0.11827956989247312
0 0.6484375 0.5097751710654936 0.123046875 0.11827956989247312
0 0.54052734375 0.5791788856304986 0.0888671875 0.10654936461388075
0 0.54052734375 0.5791788856304986 0.0888671875 0.10654936461388075
0 0.60986328125 0.6549364613880743 0.1279296875 0.1348973607038123
0 0.60986328125 0.6549364613880743 0.1279296875 0.1348973607038123
0 0.58935546875 0.9178885630498533 0.0537109375 0.05865102639296188
0 0.58935546875 0.9178885630498533 0.0537109375 0.05865102639296188
0 0.9404296875 0.7463343108504399 0.0390625 0.03421309872922776
0 0.9404296875 0.7463343108504399 0.0390625 0.03421309872922776
0 0.939453125 0.9560117302052786 0.056640625 0.043010752688172046
0 0.939453125 0.9560117302052786 0.056640625 0.043010752688172046
0 0.86865234375 0.9330400782013685 0.0400390625 0.05571847507331378
0 0.86865234375 0.9330400782013685 0.0400390625 0.05571847507331378