0 0.63720703125 0.021505376344086023 0.0791015625 0.04105571847507331
0 0.63720703125 0.021505376344086023 0.0791015625 0.04105571847507331
0 0.744140625 0.04447702834799609 0.140625 0.08699902248289346
0 0.744140625 0.04447702834799609 0.140625 0.08699902248289346
0 0.16748046875 0.02346041055718475 0.1162109375 0.044965786901270774
0 0.16748046875 0.02346041055718475 0.1162109375 0.044965786901270774
0 0.025390625 0.21065493646138808 0.048828125 0.1378299120234604
0 0.025390625 0.21065493646138808 0.048828125 0.1378299120234604
0 0.77734375 0.2179863147605083 0.154296875 0.15835777126099707
0 0.77734375 0.2179863147605083 0.154296875 0.15835777126099707
0 0.2197265625 0.31915933528836754 0.1484375 0.16129032258064516
0 0.2197265625 0.31915933528836754 0.1484375 0.16129032258064516
0 0.68701171875 0.4227761485826002 0.1259765625 0.13196480938416422
0 0.68701171875 0.4227761485826002 0.1259765625 0.13196480938416422
0 0.25732421875 0.4921798631476051 0.1708984375 0.1652003910068426
0 0.25732421875 0.4921798631476051 0.1708984375 0.1652003910068426
0 0.27734375 0.6041055718475073 0.154296875 0.14076246334310852
0 0.27734375 0.6041055718475073 0.154296875 0.14076246334310852
0 0.08837890625 0.6466275659824047 0.1435546875 0.13978494623655913
0 0.08837890625 0.6466275659824047 0.1435546875 0.13978494623655913
0 0.6787109375 0.7091886608015641 0.0546875 0.0635386119257087
0 0.6787109375 0.7091886608015641 0.0546875 0.0635386119257087
0 0.72900390625 0.6759530791788856 0.0400390625 0.028347996089931573
0 0.72900390625 0.6759530791788856 0.0400390625 0.028347996089931573
0 0.900390625 0.6735092864125122 0.064453125 0.06842619745845552
0 0.900390625 0.6735092864125122 0.064453125 0.06842619745845552
0 0.951171875 0.020039100684261974 0.09765625 0.03812316715542522
0 0.951171875 0.020039100684261974 0.09765625 0.03812316715542522