0 0.01318359375 0.25390625 0.0244140625 0.1015625
0 0.01318359375 0.25390625 0.0244140625 0.1015625
0 0.05029296875 0.27978515625 0.0419921875 0.0498046875
0 0.05029296875 0.27978515625 0.0419921875 0.0498046875
0 0.05712890625 0.751953125 0.1123046875 0.130859375
0 0.05712890625 0.751953125 0.1123046875 0.130859375
0 0.67578125 0.04638671875 0.1640625 0.0908203125
0 0.67578125 0.04638671875 0.1640625 0.0908203125
0 0.7412109375 0.11572265625 0.150390625 0.1630859375
0 0.7412109375 0.11572265625 0.150390625 0.1630859375
0 0.17333984375 0.06298828125 0.1201171875 0.1181640625
0 0.17333984375 0.06298828125 0.1201171875 0.1181640625
0 0.986328125 0.04638671875 0.02734375 0.0908203125
0 0.986328125 0.04638671875 0.02734375 0.0908203125
0 0.9091796875 0.10498046875 0.05859375 0.0634765625
0 0.9091796875 0.10498046875 0.05859375 0.0634765625
0 0.8876953125 0.10791015625 0.080078125 0.1123046875
0 0.8876953125 0.10791015625 0.080078125 0.1123046875
0 0.97119140625 0.26904296875 0.0576171875 0.0966796875
0 0.97119140625 0.26904296875 0.0576171875 0.0966796875
0 0.787109375 0.40673828125 0.189453125 0.1572265625
0 0.787109375 0.40673828125 0.189453125 0.1572265625
0 0.2333984375 0.4306640625 0.060546875 0.064453125
0 0.2333984375 0.4306640625 0.060546875 0.064453125
0 0.95166015625 0.60888671875 0.0966796875 0.1787109375
0 0.95166015625 0.60888671875 0.0966796875 0.1787109375
0 0.232421875 0.59619140625 0.14453125 0.1572265625
0 0.232421875 0.59619140625 0.14453125 0.1572265625
0 0.33935546875 0.66943359375 0.1396484375 0.1259765625
0 0.33935546875 0.66943359375 0.1396484375 0.1259765625
0 0.6787109375 0.751953125 0.060546875 0.0390625
0 0.6787109375 0.751953125 0.060546875 0.0390625
0 0.640625 0.79345703125 0.06640625 0.0654296875
0 0.640625 0.79345703125 0.06640625 0.0654296875
0 0.61328125 0.8408203125 0.03125 0.033203125
0 0.61328125 0.8408203125 0.03125 0.033203125
0 0.580078125 0.72216796875 0.037109375 0.0400390625
0 0.580078125 0.72216796875 0.037109375 0.0400390625
0 0.16845703125 0.7724609375 0.1357421875 0.154296875
0 0.16845703125 0.7724609375 0.1357421875 0.154296875
0 0.25048828125 0.87939453125 0.1396484375 0.1298828125
0 0.25048828125 0.87939453125 0.1396484375 0.1298828125
0 0.310546875 0.80029296875 0.05859375 0.0478515625
0 0.310546875 0.80029296875 0.05859375 0.0478515625
0 0.3212890625 0.96923828125 0.064453125 0.0615234375
0 0.3212890625 0.96923828125 0.064453125 0.0615234375
0 0.8291015625 0.9931640625 0.072265625 0.013671875
0 0.8291015625 0.9931640625 0.072265625 0.013671875
0 0.98974609375 0.8017578125 0.0205078125 0.11328125
0 0.98974609375 0.8017578125 0.0205078125 0.11328125
0 0.3525390625 0.578125 0.10546875 0.11328125
0 0.3525390625 0.578125 0.10546875 0.11328125