0 0.0302734375 0.03519061583577713 0.05859375 0.06842619745845552
0 0.0302734375 0.03519061583577713 0.05859375 0.06842619745845552
0 0.5263671875 0.028347996089931573 0.126953125 0.05474095796676442
0 0.5263671875 0.028347996089931573 0.126953125 0.05474095796676442
0 0.046875 0.3651026392961877 0.091796875 0.1652003910068426
0 0.046875 0.3651026392961877 0.091796875 0.1652003910068426
0 0.380859375 0.44868035190615835 0.12890625 0.1270772238514174
0 0.380859375 0.44868035190615835 0.12890625 0.1270772238514174
0 0.09765625 0.8572825024437928 0.193359375 0.19941348973607037
0 0.09765625 0.8572825024437928 0.193359375 0.19941348973607037
0 0.26318359375 0.8998044965786901 0.1376953125 0.13196480938416422
0 0.26318359375 0.8998044965786901 0.1376953125 0.13196480938416422
0 0.15673828125 0.9921798631476051 0.0634765625 0.015640273704789834
0 0.15673828125 0.9921798631476051 0.0634765625 0.015640273704789834
0 0.79345703125 0.1300097751710655 0.1630859375 0.1739980449657869
0 0.79345703125 0.1300097751710655 0.1630859375 0.1739980449657869
0 0.93310546875 0.09530791788856305 0.1337890625 0.15151515151515152
0 0.93310546875 0.09530791788856305 0.1337890625 0.15151515151515152
0 0.794921875 0.30254154447702836 0.13671875 0.1378299120234604
0 0.794921875 0.30254154447702836 0.13671875 0.1378299120234604