0 0.017578125 0.041544477028347994 0.033203125 0.08113391984359726
0 0.017578125 0.041544477028347994 0.033203125 0.08113391984359726
0 0.171875 0.13098729227761485 0.146484375 0.12316715542521994
0 0.171875 0.13098729227761485 0.146484375 0.12316715542521994
0 0.0517578125 0.4970674486803519 0.1015625 0.14760508308895406
0 0.0517578125 0.4970674486803519 0.1015625 0.14760508308895406
0 0.072265625 0.6608015640273704 0.078125 0.06451612903225806
0 0.072265625 0.6608015640273704 0.078125 0.06451612903225806
0 0.0810546875 0.5987292277614858 0.06640625 0.0635386119257087
0 0.0810546875 0.5987292277614858 0.06640625 0.0635386119257087
0 0.31689453125 0.003421309872922776 0.0068359375 0.004887585532746823
0 0.31689453125 0.003421309872922776 0.0068359375 0.004887585532746823
0 0.8037109375 0.010263929618768328 0.060546875 0.01857282502443793
0 0.8037109375 0.010263929618768328 0.060546875 0.01857282502443793
0 0.46240234375 0.10019550342130987 0.1357421875 0.14173998044965788
0 0.46240234375 0.10019550342130987 0.1357421875 0.14173998044965788
0 0.7099609375 0.4027370478983382 0.13671875 0.17204301075268819
0 0.7099609375 0.4027370478983382 0.13671875 0.17204301075268819
0 0.8388671875 0.4002932551319648 0.169921875 0.18670576735092864
0 0.8388671875 0.4002932551319648 0.169921875 0.18670576735092864
0 0.56640625 0.6314760508308895 0.1328125 0.1544477028347996
0 0.56640625 0.6314760508308895 0.1328125 0.1544477028347996
0 0.35986328125 0.6637341153470185 0.1494140625 0.14076246334310852
0 0.35986328125 0.6637341153470185 0.1494140625 0.14076246334310852
0 0.6884765625 0.7653958944281525 0.17578125 0.17790811339198437
0 0.6884765625 0.7653958944281525 0.17578125 0.17790811339198437
0 0.84619140625 0.6358748778103617 0.1533203125 0.176930596285435
0 0.84619140625 0.6358748778103617 0.1533203125 0.176930596285435
0 0.91552734375 0.8675464320625611 0.1669921875 0.14760508308895406
0 0.91552734375 0.8675464320625611 0.1669921875 0.14760508308895406