0 0.126953125 0.091796875 0.134765625 0.140625
0 0.126953125 0.091796875 0.134765625 0.140625
0 0.255859375 0.06396484375 0.169921875 0.1259765625
0 0.255859375 0.06396484375 0.169921875 0.1259765625
0 0.2958984375 0.09326171875 0.126953125 0.1142578125
0 0.2958984375 0.09326171875 0.126953125 0.1142578125
0 0.43505859375 0.2841796875 0.1435546875 0.11328125
0 0.43505859375 0.2841796875 0.1435546875 0.11328125
0 0.20166015625 0.615234375 0.1357421875 0.12109375
0 0.20166015625 0.615234375 0.1357421875 0.12109375
0 0.9306640625 0.03515625 0.125 0.068359375
0 0.9306640625 0.03515625 0.125 0.068359375
0 0.9150390625 0.10986328125 0.083984375 0.1181640625
0 0.9150390625 0.10986328125 0.083984375 0.1181640625
0 0.70947265625 0.1318359375 0.1337890625 0.138671875
0 0.70947265625 0.1318359375 0.1337890625 0.138671875
0 0.8203125 0.4091796875 0.060546875 0.07421875
0 0.8203125 0.4091796875 0.060546875 0.07421875
0 0.37353515625 0.509765625 0.1376953125 0.16015625
0 0.37353515625 0.509765625 0.1376953125 0.16015625
0 0.962890625 0.90478515625 0.07421875 0.1787109375
0 0.962890625 0.90478515625 0.07421875 0.1787109375
0 0.56884765625 0.64892578125 0.1044921875 0.0771484375
0 0.56884765625 0.64892578125 0.1044921875 0.0771484375