0 0.01953125 0.9755859375 0.037109375 0.044921875
0 0.01953125 0.9755859375 0.037109375 0.044921875
0 0.580078125 0.06982421875 0.162109375 0.1376953125
0 0.580078125 0.06982421875 0.162109375 0.1376953125
0 0.4541015625 0.17041015625 0.125 0.1435546875
0 0.4541015625 0.17041015625 0.125 0.1435546875
0 0.13720703125 0.52783203125 0.1630859375 0.1650390625
0 0.13720703125 0.52783203125 0.1630859375 0.1650390625
0 0.29248046875 0.47607421875 0.1376953125 0.1474609375
0 0.29248046875 0.47607421875 0.1376953125 0.1474609375
0 0.93896484375 0.400390625 0.1220703125 0.166015625
0 0.93896484375 0.400390625 0.1220703125 0.166015625
0 0.8134765625 0.48876953125 0.154296875 0.1357421875
0 0.8134765625 0.48876953125 0.154296875 0.1357421875
0 0.79345703125 0.65234375 0.1552734375 0.15234375
0 0.79345703125 0.65234375 0.1552734375 0.15234375
0 0.2607421875 0.73583984375 0.154296875 0.1494140625
0 0.2607421875 0.73583984375 0.154296875 0.1494140625
0 0.34130859375 0.8828125 0.1630859375 0.16015625
0 0.34130859375 0.8828125 0.1630859375 0.16015625
0 0.33447265625 0.9794921875 0.1025390625 0.037109375
0 0.33447265625 0.9794921875 0.1025390625 0.037109375
0 0.9736328125 0.79736328125 0.052734375 0.1455078125
0 0.9736328125 0.79736328125 0.052734375 0.1455078125