0 0.01416015625 0.048828125 0.0263671875 0.095703125
0 0.01416015625 0.048828125 0.0263671875 0.095703125
0 0.005859375 0.490234375 0.009765625 0.017578125
0 0.005859375 0.490234375 0.009765625 0.017578125
0 0.0087890625 0.98291015625 0.015625 0.0341796875
0 0.0087890625 0.98291015625 0.015625 0.0341796875
0 0.04345703125 0.35791015625 0.0849609375 0.1591796875
0 0.04345703125 0.35791015625 0.0849609375 0.1591796875
0 0.06640625 0.0546875 0.1015625 0.099609375
0 0.06640625 0.0546875 0.1015625 0.099609375
0 0.30078125 0.08935546875 0.05859375 0.0673828125
0 0.30078125 0.08935546875 0.05859375 0.0673828125
0 0.3955078125 0.19384765625 0.060546875 0.0556640625
0 0.3955078125 0.19384765625 0.060546875 0.0556640625
0 0.533203125 0.185546875 0.048828125 0.068359375
0 0.533203125 0.185546875 0.048828125 0.068359375
0 0.48974609375 0.3134765625 0.0634765625 0.072265625
0 0.48974609375 0.3134765625 0.0634765625 0.072265625
0 0.53125 0.28271484375 0.0703125 0.0712890625
0 0.53125 0.28271484375 0.0703125 0.0712890625
0 0.8310546875 0.208984375 0.115234375 0.140625
0 0.8310546875 0.208984375 0.115234375 0.140625
0 0.97021484375 0.13916015625 0.0595703125 0.0986328125
0 0.97021484375 0.13916015625 0.0595703125 0.0986328125
0 0.95947265625 0.0302734375 0.0810546875 0.05859375
0 0.95947265625 0.0302734375 0.0810546875 0.05859375
0 0.92431640625 0.26904296875 0.0615234375 0.0634765625
0 0.92431640625 0.26904296875 0.0615234375 0.0634765625
0 0.88818359375 0.48388671875 0.1533203125 0.1533203125
0 0.88818359375 0.48388671875 0.1533203125 0.1533203125
0 0.28662109375 0.5078125 0.0419921875 0.041015625
0 0.28662109375 0.5078125 0.0419921875 0.041015625
0 0.25390625 0.556640625 0.068359375 0.072265625
0 0.25390625 0.556640625 0.068359375 0.072265625
0 0.17236328125 0.63623046875 0.0673828125 0.0400390625
0 0.17236328125 0.63623046875 0.0673828125 0.0400390625
0 0.38134765625 0.6455078125 0.0634765625 0.064453125
0 0.38134765625 0.6455078125 0.0634765625 0.064453125
0 0.58837890625 0.603515625 0.0966796875 0.1328125
0 0.58837890625 0.603515625 0.0966796875 0.1328125
0 0.68603515625 0.69384765625 0.1005859375 0.0869140625
0 0.68603515625 0.69384765625 0.1005859375 0.0869140625
0 0.44970703125 0.7861328125 0.0458984375 0.0390625
0 0.44970703125 0.7861328125 0.0458984375 0.0390625
0 0.19384765625 0.7841796875 0.0419921875 0.064453125
0 0.19384765625 0.7841796875 0.0419921875 0.064453125
0 0.181640625 0.81640625 0.037109375 0.029296875
0 0.181640625 0.81640625 0.037109375 0.029296875
0 0.23291015625 0.8984375 0.0615234375 0.052734375
0 0.23291015625 0.8984375 0.0615234375 0.052734375
0 0.291015625 0.87451171875 0.033203125 0.0244140625
0 0.291015625 0.87451171875 0.033203125 0.0244140625
0 0.3564453125 0.92431640625 0.12109375 0.1142578125
0 0.3564453125 0.92431640625 0.12109375 0.1142578125
0 0.4970703125 0.97509765625 0.052734375 0.0341796875
0 0.4970703125 0.97509765625 0.052734375 0.0341796875
0 0.95849609375 0.8505859375 0.0830078125 0.162109375
0 0.95849609375 0.8505859375 0.0830078125 0.162109375
0 0.81884765625 0.93115234375 0.0791015625 0.0517578125
0 0.81884765625 0.93115234375 0.0791015625 0.0517578125
0 0.85205078125 0.84814453125 0.0458984375 0.0732421875
0 0.85205078125 0.84814453125 0.0458984375 0.0732421875