0 0.005859375 0.18408203125 0.009765625 0.0478515625
0 0.005859375 0.18408203125 0.009765625 0.0478515625
0 0.263671875 0.2138671875 0.13671875 0.1328125
0 0.263671875 0.2138671875 0.13671875 0.1328125
0 0.3115234375 0.28515625 0.046875 0.0546875
0 0.3115234375 0.28515625 0.046875 0.0546875
0 0.59619140625 0.02783203125 0.0439453125 0.0537109375
0 0.59619140625 0.02783203125 0.0439453125 0.0537109375
0 0.61572265625 0.189453125 0.1279296875 0.158203125
0 0.61572265625 0.189453125 0.1279296875 0.158203125
0 0.708984375 0.361328125 0.16015625 0.173828125
0 0.708984375 0.361328125 0.16015625 0.173828125
0 0.16064453125 0.41552734375 0.0634765625 0.0556640625
0 0.16064453125 0.41552734375 0.0634765625 0.0556640625
0 0.09912109375 0.55078125 0.1533203125 0.15625
0 0.09912109375 0.55078125 0.1533203125 0.15625
0 0.1943359375 0.54541015625 0.06640625 0.0966796875
0 0.1943359375 0.54541015625 0.06640625 0.0966796875
0 0.4892578125 0.64990234375 0.130859375 0.0615234375
0 0.4892578125 0.64990234375 0.130859375 0.0615234375
0 0.42578125 0.7548828125 0.1171875 0.126953125
0 0.42578125 0.7548828125 0.1171875 0.126953125
0 0.494140625 0.83154296875 0.05078125 0.0556640625
0 0.494140625 0.83154296875 0.05078125 0.0556640625
0 0.5478515625 0.5712890625 0.0546875 0.091796875
0 0.5478515625 0.5712890625 0.0546875 0.091796875
0 0.61865234375 0.55419921875 0.0947265625 0.0791015625
0 0.61865234375 0.55419921875 0.0947265625 0.0791015625
0 0.0263671875 0.88671875 0.0078125 0.009765625
0 0.0263671875 0.88671875 0.0078125 0.009765625
0 0.873046875 0.5537109375 0.14453125 0.1484375
0 0.873046875 0.5537109375 0.14453125 0.1484375
0 0.99560546875 0.5205078125 0.0087890625 0.068359375
0 0.99560546875 0.5205078125 0.0087890625 0.068359375
0 0.9833984375 0.96826171875 0.033203125 0.0634765625
0 0.9833984375 0.96826171875 0.033203125 0.0634765625