0 0.04248046875 0.08154296875 0.0830078125 0.1357421875
0 0.04248046875 0.08154296875 0.0830078125 0.1357421875
0 0.04248046875 0.0166015625 0.0830078125 0.025390625
0 0.04248046875 0.0166015625 0.0830078125 0.025390625
0 0.07177734375 0.1806640625 0.0537109375 0.0703125
0 0.07177734375 0.1806640625 0.0537109375 0.0703125
0 0.05419921875 0.39111328125 0.1064453125 0.1181640625
0 0.05419921875 0.39111328125 0.1064453125 0.1181640625
0 0.0244140625 0.52001953125 0.046875 0.0947265625
0 0.0244140625 0.52001953125 0.046875 0.0947265625
0 0.04931640625 0.4716796875 0.0400390625 0.044921875
0 0.04931640625 0.4716796875 0.0400390625 0.044921875
0 0.11865234375 0.8740234375 0.0947265625 0.115234375
0 0.11865234375 0.8740234375 0.0947265625 0.115234375
0 0.2822265625 0.99755859375 0.068359375 0.0048828125
0 0.2822265625 0.99755859375 0.068359375 0.0048828125
0 0.30810546875 0.0546875 0.1220703125 0.107421875
0 0.30810546875 0.0546875 0.1220703125 0.107421875
0 0.9111328125 0.09375 0.158203125 0.12109375
0 0.9111328125 0.09375 0.158203125 0.12109375
0 0.76416015625 0.2958984375 0.0634765625 0.06640625
0 0.76416015625 0.2958984375 0.0634765625 0.06640625
0 0.609375 0.3994140625 0.142578125 0.150390625
0 0.609375 0.3994140625 0.142578125 0.150390625
0 0.95068359375 0.314453125 0.0986328125 0.1484375
0 0.95068359375 0.314453125 0.0986328125 0.1484375
0 0.95849609375 0.50537109375 0.0498046875 0.0712890625
0 0.95849609375 0.50537109375 0.0498046875 0.0712890625
0 0.51025390625 0.6259765625 0.1357421875 0.150390625
0 0.51025390625 0.6259765625 0.1357421875 0.150390625
0 0.5478515625 0.5205078125 0.150390625 0.083984375
0 0.5478515625 0.5205078125 0.150390625 0.083984375
0 0.6640625 0.6328125 0.099609375 0.1015625
0 0.6640625 0.6328125 0.099609375 0.1015625
0 0.42431640625 0.98828125 0.1005859375 0.0234375
0 0.42431640625 0.98828125 0.1005859375 0.0234375