0 0.03173828125 0.1295210166177908 0.0615234375 0.16324535679374388
0 0.03173828125 0.1295210166177908 0.0615234375 0.16324535679374388
0 0.126953125 0.09530791788856305 0.146484375 0.15151515151515152
0 0.126953125 0.09530791788856305 0.146484375 0.15151515151515152
0 0.328125 0.1270772238514174 0.11328125 0.12121212121212122
0 0.328125 0.1270772238514174 0.11328125 0.12121212121212122
0 0.85009765625 0.02785923753665689 0.1220703125 0.053763440860215055
0 0.85009765625 0.02785923753665689 0.1220703125 0.053763440860215055
0 0.73291015625 0.20967741935483872 0.1201171875 0.13978494623655913
0 0.73291015625 0.20967741935483872 0.1201171875 0.13978494623655913
0 0.02587890625 0.3020527859237537 0.0498046875 0.13685239491691104
0 0.02587890625 0.3020527859237537 0.0498046875 0.13685239491691104
0 0.8681640625 0.31622678396871945 0.123046875 0.10459433040078202
0 0.8681640625 0.31622678396871945 0.123046875 0.10459433040078202
0 0.32275390625 0.70772238514174 0.1650390625 0.16617790811339198
0 0.32275390625 0.70772238514174 0.1650390625 0.16617790811339198
0 0.2138671875 0.7155425219941349 0.05078125 0.10948191593352884
0 0.2138671875 0.7155425219941349 0.05078125 0.10948191593352884
0 0.31884765625 0.9941348973607038 0.0166015625 0.011730205278592375
0 0.31884765625 0.9941348973607038 0.0166015625 0.011730205278592375