0 0.08544921875 0.58935546875 0.1318359375 0.1123046875
0 0.08544921875 0.58935546875 0.1318359375 0.1123046875
0 0.146484375 0.69287109375 0.107421875 0.1083984375
0 0.146484375 0.69287109375 0.107421875 0.1083984375
0 0.2626953125 0.587890625 0.12890625 0.138671875
0 0.2626953125 0.587890625 0.12890625 0.138671875
0 0.07666015625 0.9248046875 0.0966796875 0.087890625
0 0.07666015625 0.9248046875 0.0966796875 0.087890625
0 0.20458984375 0.89990234375 0.0947265625 0.1201171875
0 0.20458984375 0.89990234375 0.0947265625 0.1201171875
0 0.72705078125 0.05517578125 0.1474609375 0.1083984375
0 0.72705078125 0.05517578125 0.1474609375 0.1083984375
0 0.43994140625 0.2197265625 0.1767578125 0.177734375
0 0.43994140625 0.2197265625 0.1767578125 0.177734375
0 0.8359375 0.60595703125 0.16796875 0.1689453125
0 0.8359375 0.60595703125 0.16796875 0.1689453125
0 0.5185546875 0.810546875 0.18359375 0.177734375
0 0.5185546875 0.810546875 0.18359375 0.177734375
0 0.90966796875 0.7548828125 0.1806640625 0.17578125
0 0.90966796875 0.7548828125 0.1806640625 0.17578125
0 0.74853515625 0.8798828125 0.1298828125 0.154296875
0 0.74853515625 0.8798828125 0.1298828125 0.154296875
0 0.97119140625 0.76123046875 0.0576171875 0.1904296875
0 0.97119140625 0.76123046875 0.0576171875 0.1904296875