0 0.26123046875 0.050342130987292275 0.1455078125 0.09872922776148582
0 0.26123046875 0.050342130987292275 0.1455078125 0.09872922776148582
0 0.2412109375 0.7282502443792767 0.162109375 0.1466275659824047
0 0.2412109375 0.7282502443792767 0.162109375 0.1466275659824047
0 0.04296875 0.9980449657869013 0.021484375 0.0039100684261974585
0 0.04296875 0.9980449657869013 0.021484375 0.0039100684261974585
0 0.625 0.0009775171065493646 0 0
0 0.625 0.0009775171065493646 0 0
0 0.97900390625 0.008308895405669599 0.0419921875 0.01466275659824047
0 0.97900390625 0.008308895405669599 0.0419921875 0.01466275659824047
0 0.98876953125 0.030303030303030304 0.0224609375 0.033235581622678395
0 0.98876953125 0.030303030303030304 0.0224609375 0.033235581622678395
0 0.55224609375 0.30547409579667645 0.1435546875 0.11827956989247312
0 0.55224609375 0.30547409579667645 0.1435546875 0.11827956989247312
0 0.5341796875 0.34457478005865105 0.068359375 0.06549364613880743
0 0.5341796875 0.34457478005865105 0.068359375 0.06549364613880743
0 0.484375 0.44868035190615835 0.16015625 0.14467253176930597
0 0.484375 0.44868035190615835 0.16015625 0.14467253176930597
0 0.62158203125 0.5767350928641252 0.0810546875 0.06647116324535679
0 0.62158203125 0.5767350928641252 0.0810546875 0.06647116324535679
0 0.4541015625 0.8597262952101662 0.15625 0.16715542521994134
0 0.4541015625 0.8597262952101662 0.15625 0.16715542521994134
0 0.56494140625 0.9110459433040078 0.1494140625 0.1544477028347996
0 0.56494140625 0.9110459433040078 0.1494140625 0.1544477028347996
0 0.970703125 0.8172043010752689 0.05859375 0.15053763440860216
0 0.970703125 0.8172043010752689 0.05859375 0.15053763440860216