0 0.17626953125 0.30224609375 0.1201171875 0.1142578125
0 0.17626953125 0.30224609375 0.1201171875 0.1142578125
0 0.00830078125 0.50830078125 0.0146484375 0.0595703125
0 0.00830078125 0.50830078125 0.0146484375 0.0595703125
0 0.060546875 0.88427734375 0.119140625 0.1083984375
0 0.060546875 0.88427734375 0.119140625 0.1083984375
0 0.1865234375 0.9169921875 0.15234375 0.16015625
0 0.1865234375 0.9169921875 0.15234375 0.16015625
0 0.85205078125 0.04052734375 0.1025390625 0.0791015625
0 0.85205078125 0.04052734375 0.1025390625 0.0791015625
0 0.86083984375 0.21142578125 0.1005859375 0.0966796875
0 0.86083984375 0.21142578125 0.1005859375 0.0966796875
0 0.740234375 0.3916015625 0.109375 0.095703125
0 0.740234375 0.3916015625 0.109375 0.095703125
0 0.5087890625 0.51025390625 0.056640625 0.0830078125
0 0.5087890625 0.51025390625 0.056640625 0.0830078125
0 0.541015625 0.611328125 0.11328125 0.13671875
0 0.541015625 0.611328125 0.11328125 0.13671875