0 0.013671875 0.09521484375 0.025390625 0.0615234375
0 0.013671875 0.09521484375 0.025390625 0.0615234375
0 0.3896484375 0.05078125 0.14453125 0.099609375
0 0.3896484375 0.05078125 0.14453125 0.099609375
0 0.357421875 0.29345703125 0.111328125 0.0830078125
0 0.357421875 0.29345703125 0.111328125 0.0830078125
0 0.064453125 0.41064453125 0.126953125 0.1845703125
0 0.064453125 0.41064453125 0.126953125 0.1845703125
0 0.14794921875 0.37890625 0.0537109375 0.060546875
0 0.14794921875 0.37890625 0.0537109375 0.060546875
0 0.02685546875 0.513671875 0.0517578125 0.02734375
0 0.02685546875 0.513671875 0.0517578125 0.02734375
0 0.14453125 0.4765625 0.14453125 0.099609375
0 0.14453125 0.4765625 0.14453125 0.099609375
0 0.3154296875 0.61962890625 0.146484375 0.1904296875
0 0.3154296875 0.61962890625 0.146484375 0.1904296875
0 0.09326171875 0.7431640625 0.1201171875 0.169921875
0 0.09326171875 0.7431640625 0.1201171875 0.169921875
0 0.23876953125 0.94384765625 0.1767578125 0.1123046875
0 0.23876953125 0.94384765625 0.1767578125 0.1123046875
0 0.3583984375 0.96875 0.07421875 0.0625
0 0.3583984375 0.96875 0.07421875 0.0625
0 0.83740234375 0.232421875 0.1376953125 0.140625
0 0.83740234375 0.232421875 0.1376953125 0.140625
0 0.96435546875 0.35009765625 0.0712890625 0.1533203125
0 0.96435546875 0.35009765625 0.0712890625 0.1533203125
0 0.974609375 0.56103515625 0.05078125 0.0419921875
0 0.974609375 0.56103515625 0.05078125 0.0419921875
0 0.765625 0.9169921875 0.1640625 0.166015625
0 0.765625 0.9169921875 0.1640625 0.166015625
0 0.9111328125 0.9619140625 0.158203125 0.076171875
0 0.9111328125 0.9619140625 0.158203125 0.076171875
0 0.63134765625 0.92236328125 0.0693359375 0.0693359375
0 0.63134765625 0.92236328125 0.0693359375 0.0693359375
0 0.61328125 0.95556640625 0.068359375 0.0556640625
0 0.61328125 0.95556640625 0.068359375 0.0556640625