0 0.00634765625 0.001953125 0.0107421875 0.001953125
0 0.00634765625 0.001953125 0.0107421875 0.001953125
0 0.095703125 0.07373046875 0.13671875 0.1455078125
0 0.095703125 0.07373046875 0.13671875 0.1455078125
0 0.07470703125 0.8662109375 0.1455078125 0.12890625
0 0.07470703125 0.8662109375 0.1455078125 0.12890625
0 0.21923828125 0.07373046875 0.2099609375 0.1455078125
0 0.21923828125 0.07373046875 0.2099609375 0.1455078125
0 0.15380859375 0.72119140625 0.1513671875 0.1533203125
0 0.15380859375 0.72119140625 0.1513671875 0.1533203125
0 0.9921875 0.72021484375 0.015625 0.0595703125
0 0.9921875 0.72021484375 0.015625 0.0595703125
0 0.87353515625 0.95361328125 0.1728515625 0.0927734375
0 0.87353515625 0.95361328125 0.1728515625 0.0927734375