0 0.0234375 0.010263929618768328 0.03515625 0.01857282502443793
0 0.0234375 0.010263929618768328 0.03515625 0.01857282502443793
0 0.005859375 0.1104594330400782 0.009765625 0.017595307917888565
0 0.005859375 0.1104594330400782 0.009765625 0.017595307917888565
0 0.17822265625 0.46529814271749753 0.1591796875 0.1544477028347996
0 0.17822265625 0.46529814271749753 0.1591796875 0.1544477028347996
0 0.04443359375 0.5738025415444771 0.0869140625 0.11339198435972629
0 0.04443359375 0.5738025415444771 0.0869140625 0.11339198435972629
0 0.01318359375 0.9105571847507331 0.0244140625 0.09481915933528837
0 0.01318359375 0.9105571847507331 0.0244140625 0.09481915933528837
0 0.5673828125 0.017595307917888565 0.12109375 0.033235581622678395
0 0.5673828125 0.017595307917888565 0.12109375 0.033235581622678395
0 0.41943359375 0.12218963831867058 0.1435546875 0.13880742913000976
0 0.41943359375 0.12218963831867058 0.1435546875 0.13880742913000976
0 0.65380859375 0.03225806451612903 0.0595703125 0.02932551319648094
0 0.65380859375 0.03225806451612903 0.0595703125 0.02932551319648094
0 0.37158203125 0.21407624633431085 0.0849609375 0.11534701857282502
0 0.37158203125 0.21407624633431085 0.0849609375 0.11534701857282502
0 0.47607421875 0.21212121212121213 0.1455078125 0.1681329423264907
0 0.47607421875 0.21212121212121213 0.1455078125 0.1681329423264907
0 0.60302734375 0.2829912023460411 0.1552734375 0.15542521994134897
0 0.60302734375 0.2829912023460411 0.1552734375 0.15542521994134897
0 0.97021484375 0.27126099706744866 0.0537109375 0.042033235581622676
0 0.97021484375 0.27126099706744866 0.0537109375 0.042033235581622676
0 0.90283203125 0.364613880742913 0.0400390625 0.05278592375366569
0 0.90283203125 0.364613880742913 0.0400390625 0.05278592375366569
0 0.95361328125 0.48240469208211145 0.0380859375 0.042033235581622676
0 0.95361328125 0.48240469208211145 0.0380859375 0.042033235581622676
0 0.8837890625 0.43841642228739003 0.044921875 0.05180840664711633
0 0.8837890625 0.43841642228739003 0.044921875 0.05180840664711633
0 0.8173828125 0.5698924731182796 0.07421875 0.06060606060606061
0 0.8173828125 0.5698924731182796 0.07421875 0.06060606060606061
0 0.37451171875 0.4208211143695015 0.1103515625 0.16715542521994134
0 0.37451171875 0.4208211143695015 0.1103515625 0.16715542521994134
0 0.36572265625 0.6212121212121212 0.1025390625 0.12609970674486803
0 0.36572265625 0.6212121212121212 0.1025390625 0.12609970674486803
0 0.30712890625 0.6397849462365591 0.0458984375 0.06940371456500488
0 0.30712890625 0.6397849462365591 0.0458984375 0.06940371456500488
0 0.4833984375 0.6994134897360704 0.16015625 0.15542521994134897
0 0.4833984375 0.6994134897360704 0.16015625 0.15542521994134897
0 0.85205078125 0.6559139784946236 0.0361328125 0.0469208211143695
0 0.85205078125 0.6559139784946236 0.0361328125 0.0469208211143695
0 0.681640625 0.8352883675464321 0.13671875 0.13391984359726294
0 0.681640625 0.8352883675464321 0.13671875 0.13391984359726294
0 0.33740234375 0.7825024437927663 0.0673828125 0.06940371456500488
0 0.33740234375 0.7825024437927663 0.0673828125 0.06940371456500488
0 0.27197265625 0.7673509286412512 0.0380859375 0.05278592375366569
0 0.27197265625 0.7673509286412512 0.0380859375 0.05278592375366569
0 0.24169921875 0.8470185728250245 0.0576171875 0.04007820136852395
0 0.24169921875 0.8470185728250245 0.0576171875 0.04007820136852395