0 0.056640625 0.38525390625 0.111328125 0.1630859375
0 0.056640625 0.38525390625 0.111328125 0.1630859375
0 0.0263671875 0.62841796875 0.05078125 0.1181640625
0 0.0263671875 0.62841796875 0.05078125 0.1181640625
0 0.09033203125 0.0048828125 0.0517578125 0.0078125
0 0.09033203125 0.0048828125 0.0517578125 0.0078125
0 0.5703125 0.0556640625 0.080078125 0.095703125
0 0.5703125 0.0556640625 0.080078125 0.095703125
0 0.63330078125 0.0498046875 0.1123046875 0.09765625
0 0.63330078125 0.0498046875 0.1123046875 0.09765625
0 0.50341796875 0.09130859375 0.0458984375 0.0478515625
0 0.50341796875 0.09130859375 0.0458984375 0.0478515625
0 0.7138671875 0.0419921875 0.06640625 0.08203125
0 0.7138671875 0.0419921875 0.06640625 0.08203125
0 0.83056640625 0.08154296875 0.1318359375 0.1357421875
0 0.83056640625 0.08154296875 0.1318359375 0.1357421875
0 0.83349609375 0.01513671875 0.1259765625 0.0283203125
0 0.83349609375 0.01513671875 0.1259765625 0.0283203125
0 0.4052734375 0.27392578125 0.150390625 0.1552734375
0 0.4052734375 0.27392578125 0.150390625 0.1552734375
0 0.54833984375 0.27392578125 0.0283203125 0.0556640625
0 0.54833984375 0.27392578125 0.0283203125 0.0556640625
0 0.38037109375 0.3857421875 0.1337890625 0.111328125
0 0.38037109375 0.3857421875 0.1337890625 0.111328125
0 0.88427734375 0.1806640625 0.0537109375 0.0703125
0 0.88427734375 0.1806640625 0.0537109375 0.0703125
0 0.86083984375 0.39111328125 0.1181640625 0.1181640625
0 0.86083984375 0.39111328125 0.1181640625 0.1181640625
0 0.80908203125 0.5087890625 0.1025390625 0.119140625
0 0.80908203125 0.5087890625 0.1025390625 0.119140625
0 0.86181640625 0.4716796875 0.0400390625 0.044921875
0 0.86181640625 0.4716796875 0.0400390625 0.044921875
0 0.44580078125 0.4765625 0.0615234375 0.064453125
0 0.44580078125 0.4765625 0.0615234375 0.064453125
0 0.455078125 0.55126953125 0.0390625 0.0322265625
0 0.455078125 0.55126953125 0.0390625 0.0322265625
0 0.31884765625 0.62646484375 0.0712890625 0.0615234375
0 0.31884765625 0.62646484375 0.0712890625 0.0615234375
0 0.21875 0.71728515625 0.16015625 0.1708984375
0 0.21875 0.71728515625 0.16015625 0.1708984375
0 0.39892578125 0.78466796875 0.0751953125 0.1279296875
0 0.39892578125 0.78466796875 0.0751953125 0.1279296875
0 0.4755859375 0.84375 0.15234375 0.150390625
0 0.4755859375 0.84375 0.15234375 0.150390625
0 0.69775390625 0.76904296875 0.0927734375 0.0810546875
0 0.69775390625 0.76904296875 0.0927734375 0.0810546875
0 0.93115234375 0.8740234375 0.0947265625 0.115234375
0 0.93115234375 0.8740234375 0.0947265625 0.115234375
0 0.09716796875 0.94921875 0.0458984375 0.078125
0 0.09716796875 0.94921875 0.0458984375 0.078125
0 0.25830078125 0.93701171875 0.1201171875 0.1259765625
0 0.25830078125 0.93701171875 0.1201171875 0.1259765625
0 0.40625 0.94921875 0.177734375 0.1015625
0 0.40625 0.94921875 0.177734375 0.1015625
0 0.6455078125 0.98681640625 0.126953125 0.0263671875
0 0.6455078125 0.98681640625 0.126953125 0.0263671875