0 0.134765625 0.31396484375 0.154296875 0.1552734375
0 0.134765625 0.31396484375 0.154296875 0.1552734375
0 0.25341796875 0.275390625 0.1240234375 0.15234375
0 0.25341796875 0.275390625 0.1240234375 0.15234375
0 0.71728515625 0.47119140625 0.1474609375 0.1435546875
0 0.71728515625 0.47119140625 0.1474609375 0.1435546875
0 0.79345703125 0.34619140625 0.0732421875 0.0693359375
0 0.79345703125 0.34619140625 0.0732421875 0.0693359375
0 0.771484375 0.60498046875 0.125 0.1298828125
0 0.771484375 0.60498046875 0.125 0.1298828125
0 0.783203125 0.9609375 0.173828125 0.07421875
0 0.783203125 0.9609375 0.173828125 0.07421875
0 0.9560546875 0.83154296875 0.087890625 0.1787109375
0 0.9560546875 0.83154296875 0.087890625 0.1787109375
0 0.97998046875 0.96533203125 0.0400390625 0.0634765625
0 0.97998046875 0.96533203125 0.0400390625 0.0634765625