0 0.06396484375 0.00341796875 0.0361328125 0.0048828125
0 0.06396484375 0.00341796875 0.0361328125 0.0048828125
0 0.77490234375 0.00341796875 0.0361328125 0.0048828125
0 0.77490234375 0.00341796875 0.0361328125 0.0048828125
0 0.1201171875 0.1552734375 0.130859375 0.123046875
0 0.1201171875 0.1552734375 0.130859375 0.123046875
0 0.37451171875 0.1689453125 0.0771484375 0.0625
0 0.37451171875 0.1689453125 0.0771484375 0.0625
0 0.26416015625 0.2626953125 0.1591796875 0.17578125
0 0.26416015625 0.2626953125 0.1591796875 0.17578125
0 0.4453125 0.32373046875 0.0625 0.1162109375
0 0.4453125 0.32373046875 0.0625 0.1162109375
0 0.51611328125 0.39599609375 0.1611328125 0.1552734375
0 0.51611328125 0.39599609375 0.1611328125 0.1552734375
0 0.77001953125 0.052734375 0.0654296875 0.05859375
0 0.77001953125 0.052734375 0.0654296875 0.05859375
0 0.78076171875 0.21728515625 0.0771484375 0.1376953125
0 0.78076171875 0.21728515625 0.0771484375 0.1376953125
0 0.603515625 0.1826171875 0.056640625 0.083984375
0 0.603515625 0.1826171875 0.056640625 0.083984375
0 0.837890625 0.302734375 0.123046875 0.09765625
0 0.837890625 0.302734375 0.123046875 0.09765625
0 0.3037109375 0.49951171875 0.130859375 0.1572265625
0 0.3037109375 0.49951171875 0.130859375 0.1572265625
0 0.45849609375 0.54150390625 0.1904296875 0.1845703125
0 0.45849609375 0.54150390625 0.1904296875 0.1845703125
0 0.70556640625 0.61767578125 0.1650390625 0.1806640625
0 0.70556640625 0.61767578125 0.1650390625 0.1806640625
0 0.35107421875 0.6513671875 0.0986328125 0.123046875
0 0.35107421875 0.6513671875 0.0986328125 0.123046875
0 0.7998046875 0.91552734375 0.1796875 0.1630859375
0 0.7998046875 0.91552734375 0.1796875 0.1630859375
0 0.4130859375 0.85791015625 0.115234375 0.1318359375
0 0.4130859375 0.85791015625 0.115234375 0.1318359375
0 0.82421875 0.54541015625 0.046875 0.0732421875
0 0.82421875 0.54541015625 0.046875 0.0732421875
0 0.96826171875 0.0478515625 0.0634765625 0.09375
0 0.96826171875 0.0478515625 0.0634765625 0.09375