0 0.28076171875 0.04838709677419355 0.2275390625 0.09481915933528837
0 0.28076171875 0.04838709677419355 0.2275390625 0.09481915933528837
0 0.41943359375 0.025904203323558164 0.0673828125 0.04985337243401759
0 0.41943359375 0.025904203323558164 0.0673828125 0.04985337243401759
0 0.88720703125 0.07429130009775171 0.1455078125 0.12903225806451613
0 0.88720703125 0.07429130009775171 0.1455078125 0.12903225806451613
0 0.06298828125 0.09824046920821114 0.1240234375 0.19452590420332355
0 0.06298828125 0.09824046920821114 0.1240234375 0.19452590420332355
0 0.14111328125 0.10801564027370479 0.0712890625 0.08895405669599218
0 0.14111328125 0.10801564027370479 0.0712890625 0.08895405669599218
0 0.43359375 0.2536656891495601 0.212890625 0.19452590420332355
0 0.43359375 0.2536656891495601 0.212890625 0.19452590420332355
0 0.76513671875 0.2966764418377322 0.1904296875 0.19452590420332355
0 0.76513671875 0.2966764418377322 0.1904296875 0.19452590420332355
0 0.869140625 0.33822091886608013 0.142578125 0.14467253176930597
0 0.869140625 0.33822091886608013 0.142578125 0.14467253176930597
0 0.87548828125 0.52297165200391 0.1767578125 0.17790811339198437
0 0.87548828125 0.52297165200391 0.1767578125 0.17790811339198437
0 0.79833984375 0.6334310850439883 0.0810546875 0.08406647116324535
0 0.79833984375 0.6334310850439883 0.0810546875 0.08406647116324535
0 0.84716796875 0.6886608015640274 0.0732421875 0.07331378299120235
0 0.84716796875 0.6886608015640274 0.0732421875 0.07331378299120235
0 0.8037109375 0.7043010752688172 0.0703125 0.06549364613880743
0 0.8037109375 0.7043010752688172 0.0703125 0.06549364613880743
0 0.34521484375 0.7013685239491692 0.2138671875 0.21407624633431085
0 0.34521484375 0.7013685239491692 0.2138671875 0.21407624633431085
0 0.7802734375 0.8479960899315738 0.06640625 0.0635386119257087
0 0.7802734375 0.8479960899315738 0.06640625 0.0635386119257087
0 0.8046875 0.9193548387096774 0.095703125 0.08699902248289346
0 0.8046875 0.9193548387096774 0.095703125 0.08699902248289346
0 0.9609375 0.003421309872922776 0.03515625 0.004887585532746823
0 0.9609375 0.003421309872922776 0.03515625 0.004887585532746823
0 0.96875 0.916911045943304 0.0625 0.1348973607038123
0 0.96875 0.916911045943304 0.0625 0.1348973607038123