0 0.05908203125 0.17546432062561096 0.1162109375 0.16324535679374388
0 0.05908203125 0.17546432062561096 0.1162109375 0.16324535679374388
0 0.66259765625 0.04105571847507331 0.0673828125 0.0801564027370479
0 0.66259765625 0.04105571847507331 0.0673828125 0.0801564027370479
0 0.443359375 0.3020527859237537 0.087890625 0.15249266862170088
0 0.443359375 0.3020527859237537 0.087890625 0.15249266862170088
0 0.2880859375 0.5087976539589443 0.162109375 0.1495601173020528
0 0.2880859375 0.5087976539589443 0.162109375 0.1495601173020528
0 0.2177734375 0.6256109481915934 0.142578125 0.12512218963831867
0 0.2177734375 0.6256109481915934 0.142578125 0.12512218963831867
0 0.0771484375 0.3040078201368524 0.15234375 0.16226783968719452
0 0.0771484375 0.3040078201368524 0.15234375 0.16226783968719452
0 0.4638671875 0.9144672531769306 0.162109375 0.15347018572825025
0 0.4638671875 0.9144672531769306 0.162109375 0.15347018572825025
0 0.80224609375 0.2487781036168133 0.1572265625 0.16129032258064516
0 0.80224609375 0.2487781036168133 0.1572265625 0.16129032258064516
0 0.9287109375 0.9486803519061584 0.103515625 0.09090909090909091
0 0.9287109375 0.9486803519061584 0.103515625 0.09090909090909091