0 0.69384765625 0.3408203125 0.1865234375 0.197265625
0 0.69384765625 0.3408203125 0.1865234375 0.197265625
0 0.50634765625 0.43115234375 0.1787109375 0.1806640625
0 0.50634765625 0.43115234375 0.1787109375 0.1806640625
0 0.96484375 0.126953125 0.0703125 0.150390625
0 0.96484375 0.126953125 0.0703125 0.150390625
0 0.85205078125 0.44384765625 0.1884765625 0.2021484375
0 0.85205078125 0.44384765625 0.1884765625 0.2021484375
0 0.5146484375 0.64599609375 0.1640625 0.1650390625
0 0.5146484375 0.64599609375 0.1640625 0.1650390625
0 0.71142578125 0.78466796875 0.1064453125 0.1240234375
0 0.71142578125 0.78466796875 0.1064453125 0.1240234375
0 0.8212890625 0.732421875 0.10546875 0.12109375
0 0.8212890625 0.732421875 0.10546875 0.12109375