0 0.2802734375 0.64306640625 0.05078125 0.0634765625
0 0.2802734375 0.64306640625 0.05078125 0.0634765625
0 0.19873046875 0.7734375 0.0654296875 0.06640625
0 0.19873046875 0.7734375 0.0654296875 0.06640625
0 0.06201171875 0.82666015625 0.0458984375 0.0380859375
0 0.06201171875 0.82666015625 0.0458984375 0.0380859375
0 0.07568359375 0.89453125 0.0615234375 0.05078125
0 0.07568359375 0.89453125 0.0615234375 0.05078125
0 0.15966796875 0.98486328125 0.0517578125 0.0302734375
0 0.15966796875 0.98486328125 0.0517578125 0.0302734375
0 0.57421875 0.63134765625 0.189453125 0.1923828125
0 0.57421875 0.63134765625 0.189453125 0.1923828125
0 0.72216796875 0.76171875 0.1689453125 0.173828125
0 0.72216796875 0.76171875 0.1689453125 0.173828125