0 0.2470703125 0.10205078125 0.103515625 0.0986328125
0 0.2470703125 0.10205078125 0.103515625 0.0986328125
0 0.37451171875 0.23486328125 0.1103515625 0.1220703125
0 0.37451171875 0.23486328125 0.1103515625 0.1220703125
0 0.27587890625 0.77099609375 0.0517578125 0.0595703125
0 0.27587890625 0.77099609375 0.0517578125 0.0595703125
0 0.25732421875 0.77880859375 0.0615234375 0.0693359375
0 0.25732421875 0.77880859375 0.0615234375 0.0693359375
0 0.6787109375 0.4130859375 0.119140625 0.142578125
0 0.6787109375 0.4130859375 0.119140625 0.142578125
0 0.6181640625 0.55859375 0.111328125 0.12890625
0 0.6181640625 0.55859375 0.111328125 0.12890625
0 0.5029296875 0.86669921875 0.15625 0.1435546875
0 0.5029296875 0.86669921875 0.15625 0.1435546875
0 0.67578125 0.90869140625 0.134765625 0.1494140625
0 0.67578125 0.90869140625 0.134765625 0.1494140625
0 0.9248046875 0.94775390625 0.11328125 0.1005859375
0 0.9248046875 0.94775390625 0.11328125 0.1005859375