0 0.0009765625 0.06640625 0 0
0 0.0009765625 0.06640625 0 0
0 0.0205078125 0.126953125 0.0390625 0.083984375
0 0.0205078125 0.126953125 0.0390625 0.083984375
0 0.1259765625 0.2958984375 0.1875 0.16796875
0 0.1259765625 0.2958984375 0.1875 0.16796875
0 0.20361328125 0.11376953125 0.1572265625 0.1572265625
0 0.20361328125 0.11376953125 0.1572265625 0.1572265625
0 0.841796875 0.04150390625 0.1015625 0.0810546875
0 0.841796875 0.04150390625 0.1015625 0.0810546875
0 0.92333984375 0.05908203125 0.1533203125 0.1103515625
0 0.92333984375 0.05908203125 0.1533203125 0.1103515625
0 0.94189453125 0.2470703125 0.1162109375 0.1484375
0 0.94189453125 0.2470703125 0.1162109375 0.1484375
0 0.9697265625 0.6748046875 0.060546875 0.095703125
0 0.9697265625 0.6748046875 0.060546875 0.095703125
0 0.9814453125 0.8505859375 0.037109375 0.037109375
0 0.9814453125 0.8505859375 0.037109375 0.037109375
0 0.97509765625 0.9072265625 0.0400390625 0.07421875
0 0.97509765625 0.9072265625 0.0400390625 0.07421875