0 0.18017578125 0.32373046875 0.1865234375 0.1884765625
0 0.18017578125 0.32373046875 0.1865234375 0.1884765625
0 0.3095703125 0.4384765625 0.193359375 0.189453125
0 0.3095703125 0.4384765625 0.193359375 0.189453125
0 0.5419921875 0.0458984375 0.15234375 0.08984375
0 0.5419921875 0.0458984375 0.15234375 0.08984375
0 0.55615234375 0.140625 0.0673828125 0.056640625
0 0.55615234375 0.140625 0.0673828125 0.056640625
0 0.65625 0.07763671875 0.064453125 0.1357421875
0 0.65625 0.07763671875 0.064453125 0.1357421875
0 0.72802734375 0.07568359375 0.1513671875 0.1494140625
0 0.72802734375 0.07568359375 0.1513671875 0.1494140625
0 0.51611328125 0.20068359375 0.0341796875 0.0654296875
0 0.51611328125 0.20068359375 0.0341796875 0.0654296875
0 0.626953125 0.17529296875 0.060546875 0.0556640625
0 0.626953125 0.17529296875 0.060546875 0.0556640625
0 0.67626953125 0.3310546875 0.0673828125 0.068359375
0 0.67626953125 0.3310546875 0.0673828125 0.068359375
0 0.71630859375 0.296875 0.0419921875 0.046875
0 0.71630859375 0.296875 0.0419921875 0.046875
0 0.54541015625 0.298828125 0.0458984375 0.05078125
0 0.54541015625 0.298828125 0.0458984375 0.05078125
0 0.154296875 0.6123046875 0.189453125 0.177734375
0 0.154296875 0.6123046875 0.189453125 0.177734375
0 0.68798828125 0.61328125 0.0966796875 0.111328125
0 0.68798828125 0.61328125 0.0966796875 0.111328125
0 0.3974609375 0.67041015625 0.1796875 0.1357421875
0 0.3974609375 0.67041015625 0.1796875 0.1357421875
0 0.24365234375 0.72314453125 0.1142578125 0.1767578125
0 0.24365234375 0.72314453125 0.1142578125 0.1767578125
0 0.51953125 0.7470703125 0.072265625 0.0625
0 0.51953125 0.7470703125 0.072265625 0.0625
0 0.03076171875 0.8291015625 0.0595703125 0.19140625
0 0.03076171875 0.8291015625 0.0595703125 0.19140625
0 0.28125 0.890625 0.080078125 0.072265625
0 0.28125 0.890625 0.080078125 0.072265625
0 0.208984375 0.94775390625 0.197265625 0.1044921875
0 0.208984375 0.94775390625 0.197265625 0.1044921875
0 0.56787109375 0.95751953125 0.0654296875 0.0595703125
0 0.56787109375 0.95751953125 0.0654296875 0.0595703125
0 0.5087890625 0.9853515625 0.046875 0.029296875
0 0.5087890625 0.9853515625 0.046875 0.029296875
0 0.76904296875 0.9912109375 0.0986328125 0.017578125
0 0.76904296875 0.9912109375 0.0986328125 0.017578125
0 0.9501953125 0.04248046875 0.0703125 0.0830078125
0 0.9501953125 0.04248046875 0.0703125 0.0830078125
0 0.9921875 0.02880859375 0.015625 0.0556640625
0 0.9921875 0.02880859375 0.015625 0.0556640625
0 0.916015625 0.57080078125 0.15234375 0.1552734375
0 0.916015625 0.57080078125 0.15234375 0.1552734375
0 0.8896484375 0.720703125 0.1328125 0.123046875
0 0.8896484375 0.720703125 0.1328125 0.123046875
0 0.962890625 0.85498046875 0.07421875 0.1181640625
0 0.962890625 0.85498046875 0.07421875 0.1181640625