0 0.23828125 0.046875 0.21484375 0.091796875
0 0.23828125 0.046875 0.21484375 0.091796875
0 0.6240234375 0.38818359375 0.17578125 0.1533203125
0 0.6240234375 0.38818359375 0.17578125 0.1533203125
0 0.42041015625 0.6650390625 0.1923828125 0.201171875
0 0.42041015625 0.6650390625 0.1923828125 0.201171875
0 0.767578125 0.703125 0.173828125 0.19921875
0 0.767578125 0.703125 0.173828125 0.19921875
0 0.908203125 0.84765625 0.13671875 0.181640625
0 0.908203125 0.84765625 0.13671875 0.181640625
0 0.2412109375 0.98828125 0.115234375 0.0234375
0 0.2412109375 0.98828125 0.115234375 0.0234375
0 0.96337890625 0.83837890625 0.0732421875 0.1845703125
0 0.96337890625 0.83837890625 0.0732421875 0.1845703125