0 0.68359375 0.009286412512218964 0.099609375 0.016617790811339198
0 0.68359375 0.009286412512218964 0.099609375 0.016617790811339198
0 0.92822265625 0.14271749755620725 0.1396484375 0.18963831867057673
0 0.92822265625 0.14271749755620725 0.1396484375 0.18963831867057673
0 0.07275390625 0.11779081133919844 0.1435546875 0.1652003910068426
0 0.07275390625 0.11779081133919844 0.1435546875 0.1652003910068426
0 0.216796875 0.0826001955034213 0.181640625 0.16324535679374388
0 0.216796875 0.0826001955034213 0.181640625 0.16324535679374388
0 0.4248046875 0.07526881720430108 0.0625 0.08602150537634409
0 0.4248046875 0.07526881720430108 0.0625 0.08602150537634409
0 0.04541015625 0.3020527859237537 0.0888671875 0.15053763440860216
0 0.04541015625 0.3020527859237537 0.0888671875 0.15053763440860216
0 0.189453125 0.4046920821114369 0.20703125 0.1739980449657869
0 0.189453125 0.4046920821114369 0.20703125 0.1739980449657869
0 0.43798828125 0.4389051808406647 0.1787109375 0.19159335288367546
0 0.43798828125 0.4389051808406647 0.1787109375 0.19159335288367546
0 0.55908203125 0.42717497556207235 0.1357421875 0.1544477028347996
0 0.55908203125 0.42717497556207235 0.1357421875 0.1544477028347996
0 0.63037109375 0.6251221896383187 0.1787109375 0.17302052785923755
0 0.63037109375 0.6251221896383187 0.1787109375 0.17302052785923755
0 0.86962890625 0.6036168132942327 0.1591796875 0.16324535679374388
0 0.86962890625 0.6036168132942327 0.1591796875 0.16324535679374388
0 0.46728515625 0.7565982404692082 0.2001953125 0.1681329423264907
0 0.46728515625 0.7565982404692082 0.2001953125 0.1681329423264907
0 0.1240234375 0.8333333333333334 0.16015625 0.15933528836754643
0 0.1240234375 0.8333333333333334 0.16015625 0.15933528836754643
0 0.27294921875 0.8665689149560117 0.1748046875 0.17497556207233628
0 0.27294921875 0.8665689149560117 0.1748046875 0.17497556207233628
0 0.466796875 0.8934506353861192 0.162109375 0.17790811339198437
0 0.466796875 0.8934506353861192 0.162109375 0.17790811339198437
0 0.74609375 0.8831867057673509 0.138671875 0.1241446725317693
0 0.74609375 0.8831867057673509 0.138671875 0.1241446725317693
0 0.8720703125 0.9545454545454546 0.1328125 0.09090909090909091
0 0.8720703125 0.9545454545454546 0.1328125 0.09090909090909091
0 0.9599609375 0.35777126099706746 0.072265625 0.043010752688172046
0 0.9599609375 0.35777126099706746 0.072265625 0.043010752688172046
0 0.88623046875 0.06158357771260997 0.0576171875 0.06451612903225806
0 0.88623046875 0.06158357771260997 0.0576171875 0.06451612903225806