0 0.46044921875 0.046875 0.0791015625 0.060546875
0 0.46044921875 0.046875 0.0791015625 0.060546875
0 0.03125 0.060546875 0.060546875 0.119140625
0 0.03125 0.060546875 0.060546875 0.119140625
0 0.005859375 0.73681640625 0.009765625 0.0576171875
0 0.005859375 0.73681640625 0.009765625 0.0576171875
0 0.947265625 0.4462890625 0.10546875 0.171875
0 0.947265625 0.4462890625 0.10546875 0.171875
0 0.97509765625 0.78076171875 0.0498046875 0.1162109375
0 0.97509765625 0.78076171875 0.0498046875 0.1162109375
0 0.89697265625 0.94970703125 0.1494140625 0.0966796875
0 0.89697265625 0.94970703125 0.1494140625 0.0966796875
0 0.8662109375 0.59619140625 0.1171875 0.1025390625
0 0.8662109375 0.59619140625 0.1171875 0.1025390625
0 0.66015625 0.7412109375 0.13671875 0.123046875
0 0.66015625 0.7412109375 0.13671875 0.123046875