0 0.30615234375 0.026881720430107527 0.1064453125 0.05180840664711633
0 0.30615234375 0.026881720430107527 0.1064453125 0.05180840664711633
0 0.34716796875 0.10068426197458455 0.1064453125 0.1270772238514174
0 0.34716796875 0.10068426197458455 0.1064453125 0.1270772238514174
0 0.37646484375 0.10068426197458455 0.0810546875 0.09970674486803519
0 0.37646484375 0.10068426197458455 0.0810546875 0.09970674486803519
0 0.01123046875 0.007820136852394917 0.0205078125 0.013685239491691105
0 0.01123046875 0.007820136852394917 0.0205078125 0.013685239491691105
0 0.65771484375 0.09628543499511241 0.1533203125 0.15542521994134897
0 0.65771484375 0.09628543499511241 0.1533203125 0.15542521994134897
0 0.669921875 0.1681329423264907 0.13671875 0.11143695014662756
0 0.669921875 0.1681329423264907 0.13671875 0.11143695014662756
0 0.6162109375 0.3088954056695992 0.12109375 0.10557184750733138
0 0.6162109375 0.3088954056695992 0.12109375 0.10557184750733138
0 0.05615234375 0.4002932551319648 0.1103515625 0.18670576735092864
0 0.05615234375 0.4002932551319648 0.1103515625 0.18670576735092864
0 0.47021484375 0.5166177908113392 0.0810546875 0.10459433040078202
0 0.47021484375 0.5166177908113392 0.0810546875 0.10459433040078202
0 0.2529296875 0.5625610948191594 0.12109375 0.10850439882697947
0 0.2529296875 0.5625610948191594 0.12109375 0.10850439882697947
0 0.0556640625 0.6358748778103617 0.109375 0.176930596285435
0 0.0556640625 0.6358748778103617 0.109375 0.176930596285435
0 0.10302734375 0.8675464320625611 0.1669921875 0.14760508308895406
0 0.10302734375 0.8675464320625611 0.1669921875 0.14760508308895406
0 0.279296875 0.9613880742913001 0.1015625 0.0772238514173998
0 0.279296875 0.9613880742913001 0.1015625 0.0772238514173998
0 0.39990234375 0.9638318670576735 0.0361328125 0.07233626588465299
0 0.39990234375 0.9638318670576735 0.0361328125 0.07233626588465299
0 0.7705078125 0.02346041055718475 0.048828125 0.044965786901270774
0 0.7705078125 0.02346041055718475 0.048828125 0.044965786901270774
0 0.95458984375 0.5459433040078201 0.0908203125 0.14565004887585534
0 0.95458984375 0.5459433040078201 0.0908203125 0.14565004887585534
0 0.93603515625 0.8836754643206256 0.1279296875 0.14076246334310852
0 0.93603515625 0.8836754643206256 0.1279296875 0.14076246334310852
0 0.99169921875 0.8391984359726296 0.0166015625 0.10263929618768329
0 0.99169921875 0.8391984359726296 0.0166015625 0.10263929618768329