0 0.3466796875 0.09912109375 0.123046875 0.1123046875
0 0.3466796875 0.09912109375 0.123046875 0.1123046875
0 0.49853515625 0.0302734375 0.0634765625 0.05859375
0 0.49853515625 0.0302734375 0.0634765625 0.05859375
0 0.833984375 0.17431640625 0.06640625 0.0693359375
0 0.833984375 0.17431640625 0.06640625 0.0693359375
0 0.6865234375 0.34521484375 0.060546875 0.0595703125
0 0.6865234375 0.34521484375 0.060546875 0.0595703125
0 0.18896484375 0.51025390625 0.0888671875 0.0693359375
0 0.18896484375 0.51025390625 0.0888671875 0.0693359375
0 0.30712890625 0.60009765625 0.1767578125 0.1650390625
0 0.30712890625 0.60009765625 0.1767578125 0.1650390625
0 0.99169921875 0.521484375 0.0166015625 0.083984375
0 0.99169921875 0.521484375 0.0166015625 0.083984375
0 0.76123046875 0.7138671875 0.1083984375 0.12109375
0 0.76123046875 0.7138671875 0.1083984375 0.12109375
0 0.92529296875 0.6845703125 0.1279296875 0.14453125
0 0.92529296875 0.6845703125 0.1279296875 0.14453125
0 0.2734375 0.68115234375 0.130859375 0.1357421875
0 0.2734375 0.68115234375 0.130859375 0.1357421875
0 0.19287109375 0.89501953125 0.0732421875 0.1240234375
0 0.19287109375 0.89501953125 0.0732421875 0.1240234375
0 0.28515625 0.91748046875 0.13671875 0.1103515625
0 0.28515625 0.91748046875 0.13671875 0.1103515625
0 0.171875 0.97265625 0.072265625 0.0546875
0 0.171875 0.97265625 0.072265625 0.0546875
0 0.22119140625 0.9970703125 0.0400390625 0.005859375
0 0.22119140625 0.9970703125 0.0400390625 0.005859375
0 0.88623046875 0.95361328125 0.1376953125 0.0927734375
0 0.88623046875 0.95361328125 0.1376953125 0.0927734375