0 0.94775390625 0.02346041055718475 0.1005859375 0.044965786901270774
0 0.94775390625 0.02346041055718475 0.1005859375 0.044965786901270774
0 0.7529296875 0.19501466275659823 0.08984375 0.07331378299120235
0 0.7529296875 0.19501466275659823 0.08984375 0.07331378299120235
0 0.84716796875 0.30791788856304986 0.1435546875 0.12903225806451613
0 0.84716796875 0.30791788856304986 0.1435546875 0.12903225806451613
0 0.5166015625 0.30791788856304986 0.140625 0.13685239491691104
0 0.5166015625 0.30791788856304986 0.140625 0.13685239491691104
0 0.3779296875 0.4731182795698925 0.109375 0.11143695014662756
0 0.3779296875 0.4731182795698925 0.109375 0.11143695014662756
0 0.03515625 0.5645161290322581 0.068359375 0.0772238514173998
0 0.03515625 0.5645161290322581 0.068359375 0.0772238514173998
0 0.48291015625 0.6192570869990225 0.1337890625 0.13196480938416422
0 0.48291015625 0.6192570869990225 0.1337890625 0.13196480938416422
0 0.4345703125 0.7619745845552297 0.12890625 0.12023460410557185
0 0.4345703125 0.7619745845552297 0.12890625 0.12023460410557185
0 0.48876953125 0.9413489736070382 0.1142578125 0.05474095796676442
0 0.48876953125 0.9413489736070382 0.1142578125 0.05474095796676442
0 0.59765625 0.8983382209188661 0.1328125 0.14467253176930597
0 0.59765625 0.8983382209188661 0.1328125 0.14467253176930597
0 0.73486328125 0.9628543499511242 0.1240234375 0.07429130009775171
0 0.73486328125 0.9628543499511242 0.1240234375 0.07429130009775171
0 0.625 0.9868035190615836 0.091796875 0.026392961876832845
0 0.625 0.9868035190615836 0.091796875 0.026392961876832845