0 0.0009765625 0.2919921875 0 0
0 0.0009765625 0.2919921875 0 0
0 0.03466796875 0.255859375 0.0673828125 0.1484375
0 0.03466796875 0.255859375 0.0673828125 0.1484375
0 0.0654296875 0.224609375 0.068359375 0.130859375
0 0.0654296875 0.224609375 0.068359375 0.130859375
0 0.05859375 0.431640625 0.115234375 0.146484375
0 0.05859375 0.431640625 0.115234375 0.146484375
0 0.0732421875 0.544921875 0.095703125 0.109375
0 0.0732421875 0.544921875 0.095703125 0.109375
0 0.41357421875 0.109375 0.1455078125 0.150390625
0 0.41357421875 0.109375 0.1455078125 0.150390625
0 0.279296875 0.0654296875 0.142578125 0.12890625
0 0.279296875 0.0654296875 0.142578125 0.12890625
0 0.25830078125 0.353515625 0.1376953125 0.158203125
0 0.25830078125 0.353515625 0.1376953125 0.158203125
0 0.39697265625 0.49462890625 0.1630859375 0.1591796875
0 0.39697265625 0.49462890625 0.1630859375 0.1591796875
0 0.369140625 0.5556640625 0.087890625 0.068359375
0 0.369140625 0.5556640625 0.087890625 0.068359375
0 0.18994140625 0.62255859375 0.0986328125 0.0869140625
0 0.18994140625 0.62255859375 0.0986328125 0.0869140625
0 0.29443359375 0.71484375 0.1748046875 0.185546875
0 0.29443359375 0.71484375 0.1748046875 0.185546875
0 0.99462890625 0.6953125 0.0107421875 0.072265625
0 0.99462890625 0.6953125 0.0107421875 0.072265625
0 0.8994140625 0.7529296875 0.05078125 0.0390625
0 0.8994140625 0.7529296875 0.05078125 0.0390625
0 0.849609375 0.61865234375 0.041015625 0.0380859375
0 0.849609375 0.61865234375 0.041015625 0.0380859375
0 0.7021484375 0.89208984375 0.142578125 0.1435546875
0 0.7021484375 0.89208984375 0.142578125 0.1435546875
0 0.16357421875 0.9873046875 0.0322265625 0.025390625
0 0.16357421875 0.9873046875 0.0322265625 0.025390625