0 0.17724609375 0.0068359375 0.0693359375 0.01171875
0 0.17724609375 0.0068359375 0.0693359375 0.01171875
0 0.314453125 0.0205078125 0.08984375 0.0390625
0 0.314453125 0.0205078125 0.08984375 0.0390625
0 0.0244140625 0.13134765625 0.046875 0.1455078125
0 0.0244140625 0.13134765625 0.046875 0.1455078125
0 0.11328125 0.0615234375 0.15625 0.099609375
0 0.11328125 0.0615234375 0.15625 0.099609375
0 0.4765625 0.32763671875 0.150390625 0.1396484375
0 0.4765625 0.32763671875 0.150390625 0.1396484375
0 0.15625 0.18115234375 0.189453125 0.1767578125
0 0.15625 0.18115234375 0.189453125 0.1767578125
0 0.1875 0.3095703125 0.1171875 0.123046875
0 0.1875 0.3095703125 0.1171875 0.123046875
0 0.126953125 0.49560546875 0.123046875 0.1435546875
0 0.126953125 0.49560546875 0.123046875 0.1435546875
0 0.6083984375 0.60107421875 0.125 0.1201171875
0 0.6083984375 0.60107421875 0.125 0.1201171875
0 0.05908203125 0.94287109375 0.1162109375 0.1142578125
0 0.05908203125 0.94287109375 0.1162109375 0.1142578125
0 0.66259765625 0.83203125 0.0673828125 0.08203125
0 0.66259765625 0.83203125 0.0673828125 0.08203125
0 0.7392578125 0.255859375 0.125 0.125
0 0.7392578125 0.255859375 0.125 0.125
0 0.9150390625 0.1474609375 0.166015625 0.158203125
0 0.9150390625 0.1474609375 0.166015625 0.158203125
0 0.9248046875 0.30810546875 0.048828125 0.0400390625
0 0.9248046875 0.30810546875 0.048828125 0.0400390625
0 0.90283203125 0.71142578125 0.0732421875 0.0712890625
0 0.90283203125 0.71142578125 0.0732421875 0.0712890625
0 0.8046875 0.97998046875 0.134765625 0.0400390625
0 0.8046875 0.97998046875 0.134765625 0.0400390625