0 0.27197265625 0.5410557184750733 0.1181640625 0.11827956989247312
0 0.27197265625 0.5410557184750733 0.1181640625 0.11827956989247312
0 0.2197265625 0.6173020527859238 0.115234375 0.10459433040078202
0 0.2197265625 0.6173020527859238 0.115234375 0.10459433040078202
0 0.234375 0.6906158357771262 0.08203125 0.04594330400782014
0 0.234375 0.6906158357771262 0.08203125 0.04594330400782014
0 0.2470703125 0.8939393939393939 0.103515625 0.09872922776148582
0 0.2470703125 0.8939393939393939 0.103515625 0.09872922776148582
0 0.37744140625 0.9828934506353861 0.1044921875 0.03421309872922776
0 0.37744140625 0.9828934506353861 0.1044921875 0.03421309872922776
0 0.966796875 0.512218963831867 0.06640625 0.14076246334310852
0 0.966796875 0.512218963831867 0.06640625 0.14076246334310852
0 0.9951171875 0.6295210166177908 0.009765625 0.04105571847507331
0 0.9951171875 0.6295210166177908 0.009765625 0.04105571847507331