0 0.1611328125 0.4462890625 0.158203125 0.171875
0 0.1611328125 0.4462890625 0.158203125 0.171875
0 0.3935546875 0.3984375 0.0390625 0.041015625
0 0.3935546875 0.3984375 0.0390625 0.041015625
0 0.44384765625 0.44873046875 0.0458984375 0.0478515625
0 0.44384765625 0.44873046875 0.0458984375 0.0478515625
0 0.56005859375 0.4326171875 0.0654296875 0.060546875
0 0.56005859375 0.4326171875 0.0654296875 0.060546875
0 0.68017578125 0.67919921875 0.1337890625 0.1474609375
0 0.68017578125 0.67919921875 0.1337890625 0.1474609375
0 0.17578125 0.78564453125 0.076171875 0.1259765625
0 0.17578125 0.78564453125 0.076171875 0.1259765625
0 0.47021484375 0.7705078125 0.1064453125 0.1484375
0 0.47021484375 0.7705078125 0.1064453125 0.1484375
0 0.53759765625 0.70947265625 0.0693359375 0.0693359375
0 0.53759765625 0.70947265625 0.0693359375 0.0693359375
0 0.08447265625 0.94970703125 0.1494140625 0.0966796875
0 0.08447265625 0.94970703125 0.1494140625 0.0966796875
0 0.056640625 0.59619140625 0.111328125 0.1025390625
0 0.056640625 0.59619140625 0.111328125 0.1025390625
0 0.9111328125 0.8251953125 0.14453125 0.14453125
0 0.9111328125 0.8251953125 0.14453125 0.14453125
0 0.943359375 0.92626953125 0.11328125 0.1279296875
0 0.943359375 0.92626953125 0.11328125 0.1279296875