0 0.07421875 0.1989247311827957 0.146484375 0.16715542521994134
0 0.07421875 0.1989247311827957 0.146484375 0.16715542521994134
0 0.05908203125 0.5342130987292277 0.1162109375 0.16715542521994134
0 0.05908203125 0.5342130987292277 0.1162109375 0.16715542521994134
0 0.24560546875 0.5962854349951124 0.0830078125 0.11143695014662756
0 0.24560546875 0.5962854349951124 0.0830078125 0.11143695014662756
0 0.33251953125 0.6647116324535679 0.1123046875 0.11339198435972629
0 0.33251953125 0.6647116324535679 0.1123046875 0.11339198435972629
0 0.04052734375 0.7873900293255132 0.0791015625 0.17302052785923755
0 0.04052734375 0.7873900293255132 0.0791015625 0.17302052785923755
0 0.1181640625 0.8509286412512219 0.16796875 0.1104594330400782
0 0.1181640625 0.8509286412512219 0.16796875 0.1104594330400782
0 0.11767578125 0.9824046920821115 0.0556640625 0.03519061583577713
0 0.11767578125 0.9824046920821115 0.0556640625 0.03519061583577713
0 0.5439453125 0.12903225806451613 0.162109375 0.16226783968719452
0 0.5439453125 0.12903225806451613 0.162109375 0.16226783968719452
0 0.68115234375 0.04838709677419355 0.1279296875 0.09481915933528837
0 0.68115234375 0.04838709677419355 0.1279296875 0.09481915933528837
0 0.81103515625 0.10019550342130987 0.1904296875 0.198435972629521
0 0.81103515625 0.10019550342130987 0.1904296875 0.198435972629521
0 0.9541015625 0.11094819159335288 0.091796875 0.16129032258064516
0 0.9541015625 0.11094819159335288 0.091796875 0.16129032258064516
0 0.72119140625 0.2404692082111437 0.1376953125 0.17790811339198437
0 0.72119140625 0.2404692082111437 0.1376953125 0.17790811339198437
0 0.72998046875 0.36363636363636365 0.1435546875 0.10557184750733138
0 0.72998046875 0.36363636363636365 0.1435546875 0.10557184750733138
0 0.75244140625 0.761485826001955 0.1259765625 0.12121212121212122
0 0.75244140625 0.761485826001955 0.1259765625 0.12121212121212122
0 0.9638671875 0.7605083088954057 0.072265625 0.16617790811339198
0 0.9638671875 0.7605083088954057 0.072265625 0.16617790811339198
0 0.5068359375 0.9335288367546432 0.1484375 0.13294232649071358
0 0.5068359375 0.9335288367546432 0.1484375 0.13294232649071358
0 0.55029296875 0.855327468230694 0.0830078125 0.07429130009775171
0 0.55029296875 0.855327468230694 0.0830078125 0.07429130009775171
0 0.68798828125 0.9325513196480938 0.2255859375 0.1348973607038123
0 0.68798828125 0.9325513196480938 0.2255859375 0.1348973607038123