0 0.02001953125 0.00244140625 0.0380859375 0.0029296875
0 0.02001953125 0.00244140625 0.0380859375 0.0029296875
0 0.021484375 0.03857421875 0.041015625 0.0693359375
0 0.021484375 0.03857421875 0.041015625 0.0693359375
0 0.0712890625 0.2109375 0.140625 0.158203125
0 0.0712890625 0.2109375 0.140625 0.158203125
0 0.0419921875 0.9599609375 0.08203125 0.076171875
0 0.0419921875 0.9599609375 0.08203125 0.076171875
0 0.1650390625 0.08837890625 0.201171875 0.1748046875
0 0.1650390625 0.08837890625 0.201171875 0.1748046875
0 0.53955078125 0.17919921875 0.1689453125 0.1767578125
0 0.53955078125 0.17919921875 0.1689453125 0.1767578125
0 0.2373046875 0.35986328125 0.0625 0.0771484375
0 0.2373046875 0.35986328125 0.0625 0.0771484375
0 0.42822265625 0.33642578125 0.1865234375 0.1748046875
0 0.42822265625 0.33642578125 0.1865234375 0.1748046875
0 0.74755859375 0.3212890625 0.1279296875 0.115234375
0 0.74755859375 0.3212890625 0.1279296875 0.115234375
0 0.85498046875 0.39306640625 0.1376953125 0.1474609375
0 0.85498046875 0.39306640625 0.1376953125 0.1474609375
0 0.78564453125 0.55322265625 0.1181640625 0.1064453125
0 0.78564453125 0.55322265625 0.1181640625 0.1064453125
0 0.18017578125 0.56298828125 0.0595703125 0.0537109375
0 0.18017578125 0.56298828125 0.0595703125 0.0537109375
0 0.29150390625 0.7060546875 0.0654296875 0.087890625
0 0.29150390625 0.7060546875 0.0654296875 0.087890625
0 0.44482421875 0.8974609375 0.2041015625 0.19921875
0 0.44482421875 0.8974609375 0.2041015625 0.19921875
0 0.64013671875 0.9814453125 0.1318359375 0.03125
0 0.64013671875 0.9814453125 0.1318359375 0.03125
0 0.43212890625 0.78857421875 0.1279296875 0.0478515625
0 0.43212890625 0.78857421875 0.1279296875 0.0478515625
0 0.92822265625 0.06103515625 0.1435546875 0.1201171875
0 0.92822265625 0.06103515625 0.1435546875 0.1201171875
0 0.9990234375 0.08447265625 0.001953125 0.0283203125
0 0.9990234375 0.08447265625 0.001953125 0.0283203125