0 0.21142578125 0.8787878787878788 0.1650390625 0.1603128054740958
0 0.21142578125 0.8787878787878788 0.1650390625 0.1603128054740958
0 0.6279296875 0.06451612903225806 0.193359375 0.1270772238514174
0 0.6279296875 0.06451612903225806 0.193359375 0.1270772238514174
0 0.79638671875 0.04252199413489736 0.1513671875 0.08308895405669599
0 0.79638671875 0.04252199413489736 0.1513671875 0.08308895405669599
0 0.84716796875 0.3651026392961877 0.1162109375 0.1652003910068426
0 0.84716796875 0.3651026392961877 0.1162109375 0.1652003910068426
0 0.90478515625 0.8572825024437928 0.1904296875 0.19941348973607037
0 0.90478515625 0.8572825024437928 0.1904296875 0.19941348973607037
0 0.96875 0.9921798631476051 0.0625 0.015640273704789834
0 0.96875 0.9921798631476051 0.0625 0.015640273704789834