0 0.23095703125 0.02099609375 0.1240234375 0.0400390625
0 0.23095703125 0.02099609375 0.1240234375 0.0400390625
0 0.08935546875 0.158203125 0.1396484375 0.15625
0 0.08935546875 0.158203125 0.1396484375 0.15625
0 0.1796875 0.0986328125 0.162109375 0.16015625
0 0.1796875 0.0986328125 0.162109375 0.16015625
0 0.29931640625 0.009765625 0.0283203125 0.017578125
0 0.29931640625 0.009765625 0.0283203125 0.017578125
0 0.51513671875 0.1376953125 0.1416015625 0.142578125
0 0.51513671875 0.1376953125 0.1416015625 0.142578125
0 0.0673828125 0.3408203125 0.076171875 0.130859375
0 0.0673828125 0.3408203125 0.076171875 0.130859375
0 0.0966796875 0.33935546875 0.056640625 0.1259765625
0 0.0966796875 0.33935546875 0.056640625 0.1259765625
0 0.26611328125 0.38818359375 0.1572265625 0.1591796875
0 0.26611328125 0.38818359375 0.1572265625 0.1591796875
0 0.49169921875 0.32958984375 0.0673828125 0.0693359375
0 0.49169921875 0.32958984375 0.0673828125 0.0693359375
0 0.5810546875 0.30712890625 0.072265625 0.1103515625
0 0.5810546875 0.30712890625 0.072265625 0.1103515625
0 0.306640625 0.61376953125 0.123046875 0.1220703125
0 0.306640625 0.61376953125 0.123046875 0.1220703125
0 0.37744140625 0.853515625 0.0771484375 0.080078125
0 0.37744140625 0.853515625 0.0771484375 0.080078125
0 0.98876953125 0.01708984375 0.0224609375 0.0322265625
0 0.98876953125 0.01708984375 0.0224609375 0.0322265625
0 0.93505859375 0.24169921875 0.0556640625 0.0478515625
0 0.93505859375 0.24169921875 0.0556640625 0.0478515625
0 0.92626953125 0.54931640625 0.1474609375 0.1806640625
0 0.92626953125 0.54931640625 0.1474609375 0.1806640625
0 0.75341796875 0.53564453125 0.1357421875 0.1357421875
0 0.75341796875 0.53564453125 0.1357421875 0.1357421875
0 0.9111328125 0.78857421875 0.177734375 0.1982421875
0 0.9111328125 0.78857421875 0.177734375 0.1982421875
0 0.81005859375 0.80810546875 0.0498046875 0.1572265625
0 0.81005859375 0.80810546875 0.0498046875 0.1572265625