0 0.03466796875 0.14306640625 0.0673828125 0.0615234375
0 0.03466796875 0.14306640625 0.0673828125 0.0615234375
0 0.015625 0.28955078125 0.029296875 0.0888671875
0 0.015625 0.28955078125 0.029296875 0.0888671875
0 0.478515625 0.02783203125 0.123046875 0.0537109375
0 0.478515625 0.02783203125 0.123046875 0.0537109375
0 0.51904296875 0.134765625 0.1455078125 0.14453125
0 0.51904296875 0.134765625 0.1455078125 0.14453125
0 0.63134765625 0.09423828125 0.1376953125 0.1162109375
0 0.63134765625 0.09423828125 0.1376953125 0.1162109375
0 0.94384765625 0.31640625 0.1123046875 0.125
0 0.94384765625 0.31640625 0.1123046875 0.125
0 0.6611328125 0.42138671875 0.123046875 0.1474609375
0 0.6611328125 0.42138671875 0.123046875 0.1474609375
0 0.72119140625 0.373046875 0.0439453125 0.025390625
0 0.72119140625 0.373046875 0.0439453125 0.025390625
0 0.78369140625 0.359375 0.0439453125 0.041015625
0 0.78369140625 0.359375 0.0439453125 0.041015625
0 0.49609375 0.59716796875 0.123046875 0.1201171875
0 0.49609375 0.59716796875 0.123046875 0.1201171875
0 0.63818359375 0.61669921875 0.1494140625 0.1220703125
0 0.63818359375 0.61669921875 0.1494140625 0.1220703125
0 0.92333984375 0.75244140625 0.0888671875 0.1044921875
0 0.92333984375 0.75244140625 0.0888671875 0.1044921875
0 0.515625 0.7841796875 0.0703125 0.07421875
0 0.515625 0.7841796875 0.0703125 0.07421875
0 0.49072265625 0.83544921875 0.1064453125 0.0732421875
0 0.49072265625 0.83544921875 0.1064453125 0.0732421875
0 0.33447265625 0.16259765625 0.0419921875 0.0341796875
0 0.33447265625 0.16259765625 0.0419921875 0.0341796875
0 0.58203125 0.2216796875 0.0546875 0.03125
0 0.58203125 0.2216796875 0.0546875 0.03125
0 0.1416015625 0.80419921875 0.033203125 0.0830078125
0 0.1416015625 0.80419921875 0.033203125 0.0830078125