0 0.0478515625 0.1611328125 0.048828125 0.033203125
0 0.0478515625 0.1611328125 0.048828125 0.033203125
0 0.3505859375 0.04150390625 0.083984375 0.0810546875
0 0.3505859375 0.04150390625 0.083984375 0.0810546875
0 0.43701171875 0.0908203125 0.0908203125 0.087890625
0 0.43701171875 0.0908203125 0.0908203125 0.087890625
0 0.76513671875 0.05859375 0.1494140625 0.115234375
0 0.76513671875 0.05859375 0.1494140625 0.115234375
0 0.57568359375 0.2294921875 0.0439453125 0.078125
0 0.57568359375 0.2294921875 0.0439453125 0.078125
0 0.0830078125 0.16455078125 0.01953125 0.0400390625
0 0.0830078125 0.16455078125 0.01953125 0.0400390625
0 0.02392578125 0.3056640625 0.0458984375 0.06640625
0 0.02392578125 0.3056640625 0.0458984375 0.06640625
0 0.0625 0.35009765625 0.078125 0.0791015625
0 0.0625 0.35009765625 0.078125 0.0791015625
0 0.06005859375 0.4482421875 0.0595703125 0.06640625
0 0.06005859375 0.4482421875 0.0595703125 0.06640625
0 0.66162109375 0.1611328125 0.1142578125 0.146484375
0 0.66162109375 0.1611328125 0.1142578125 0.146484375
0 0.76171875 0.43359375 0.123046875 0.130859375
0 0.76171875 0.43359375 0.123046875 0.130859375
0 0.1376953125 0.4052734375 0.041015625 0.029296875
0 0.1376953125 0.4052734375 0.041015625 0.029296875
0 0.63134765625 0.64453125 0.0673828125 0.0703125
0 0.63134765625 0.64453125 0.0673828125 0.0703125
0 0.16845703125 0.7978515625 0.1279296875 0.134765625
0 0.16845703125 0.7978515625 0.1279296875 0.134765625
0 0.57666015625 0.80224609375 0.1025390625 0.1123046875
0 0.57666015625 0.80224609375 0.1025390625 0.1123046875
0 0.01611328125 0.91748046875 0.0302734375 0.1083984375
0 0.01611328125 0.91748046875 0.0302734375 0.1083984375
0 0.5595703125 0.92724609375 0.16015625 0.1455078125
0 0.5595703125 0.92724609375 0.16015625 0.1455078125
0 0.67822265625 0.7392578125 0.0478515625 0.052734375
0 0.67822265625 0.7392578125 0.0478515625 0.052734375
0 0.03466796875 0.89501953125 0.0263671875 0.0556640625
0 0.03466796875 0.89501953125 0.0263671875 0.0556640625
0 0.7080078125 0.9697265625 0.0390625 0.03515625
0 0.7080078125 0.9697265625 0.0390625 0.03515625
0 0.796875 0.98193359375 0.064453125 0.0361328125
0 0.796875 0.98193359375 0.064453125 0.0361328125
0 0.81005859375 0.36669921875 0.1767578125 0.1767578125
0 0.81005859375 0.36669921875 0.1767578125 0.1767578125
0 0.87890625 0.0546875 0.1015625 0.099609375
0 0.87890625 0.0546875 0.1015625 0.099609375
0 0.9755859375 0.63427734375 0.048828125 0.0361328125
0 0.9755859375 0.63427734375 0.048828125 0.0361328125
0 0.99267578125 0.78369140625 0.0146484375 0.0556640625
0 0.99267578125 0.78369140625 0.0146484375 0.0556640625
0 0.98779296875 0.8154296875 0.0244140625 0.02734375
0 0.98779296875 0.8154296875 0.0244140625 0.02734375