0 0.44482421875 0.22314453125 0.0830078125 0.1103515625
0 0.44482421875 0.22314453125 0.0830078125 0.1103515625
0 0.630859375 0.18798828125 0.06640625 0.0498046875
0 0.630859375 0.18798828125 0.06640625 0.0498046875
0 0.54541015625 0.36572265625 0.2138671875 0.2314453125
0 0.54541015625 0.36572265625 0.2138671875 0.2314453125
0 0.4091796875 0.5625 0.19140625 0.201171875
0 0.4091796875 0.5625 0.19140625 0.201171875
0 0.8720703125 0.17529296875 0.12890625 0.1513671875
0 0.8720703125 0.17529296875 0.12890625 0.1513671875
0 0.9541015625 0.37353515625 0.091796875 0.0869140625
0 0.9541015625 0.37353515625 0.091796875 0.0869140625
0 0.8046875 0.63037109375 0.203125 0.2255859375
0 0.8046875 0.63037109375 0.203125 0.2255859375