0 0.42919921875 0.013671875 0.0986328125 0.025390625
0 0.42919921875 0.013671875 0.0986328125 0.025390625
0 0.494140625 0.03955078125 0.05078125 0.0556640625
0 0.494140625 0.03955078125 0.05078125 0.0556640625
0 0.0263671875 0.0947265625 0.0078125 0.009765625
0 0.0263671875 0.0947265625 0.0078125 0.009765625
0 0.0859375 0.30126953125 0.169921875 0.1533203125
0 0.0859375 0.30126953125 0.169921875 0.1533203125
0 0.02978515625 0.57568359375 0.0576171875 0.0947265625
0 0.02978515625 0.57568359375 0.0576171875 0.0947265625
0 0.22802734375 0.5556640625 0.1630859375 0.166015625
0 0.22802734375 0.5556640625 0.1630859375 0.166015625
0 0.05029296875 0.91064453125 0.0986328125 0.1591796875
0 0.05029296875 0.91064453125 0.0986328125 0.1591796875
0 0.98291015625 0.21337890625 0.0341796875 0.1376953125
0 0.98291015625 0.21337890625 0.0341796875 0.1376953125