0 0.40966796875 0.009765625 0.0517578125 0.017578125
0 0.40966796875 0.009765625 0.0517578125 0.017578125
0 0.353515625 0.2275390625 0.033203125 0.037109375
0 0.353515625 0.2275390625 0.033203125 0.037109375
0 0.40673828125 0.22607421875 0.0673828125 0.0712890625
0 0.40673828125 0.22607421875 0.0673828125 0.0712890625
0 0.85009765625 0.203125 0.0517578125 0.0546875
0 0.85009765625 0.203125 0.0517578125 0.0546875
0 0.7705078125 0.27587890625 0.0625 0.0576171875
0 0.7705078125 0.27587890625 0.0625 0.0576171875
0 0.36767578125 0.27197265625 0.0478515625 0.0498046875
0 0.36767578125 0.27197265625 0.0478515625 0.0498046875
0 0.1962890625 0.36083984375 0.169921875 0.1748046875
0 0.1962890625 0.36083984375 0.169921875 0.1748046875
0 0.32958984375 0.41162109375 0.0615234375 0.0458984375
0 0.32958984375 0.41162109375 0.0615234375 0.0458984375
0 0.12060546875 0.58642578125 0.1884765625 0.1787109375
0 0.12060546875 0.58642578125 0.1884765625 0.1787109375
0 0.89892578125 0.03076171875 0.0615234375 0.0595703125
0 0.89892578125 0.03076171875 0.0615234375 0.0595703125
0 0.91748046875 0.09130859375 0.0654296875 0.0576171875
0 0.91748046875 0.09130859375 0.0654296875 0.0576171875
0 0.8974609375 0.486328125 0.099609375 0.1171875
0 0.8974609375 0.486328125 0.099609375 0.1171875
0 0.794921875 0.63916015625 0.0390625 0.0673828125
0 0.794921875 0.63916015625 0.0390625 0.0673828125
0 0.67431640625 0.73681640625 0.1533203125 0.1455078125
0 0.67431640625 0.73681640625 0.1533203125 0.1455078125
0 0.92822265625 0.919921875 0.1396484375 0.16015625
0 0.92822265625 0.919921875 0.1396484375 0.16015625
0 0.07275390625 0.90966796875 0.1435546875 0.1650390625
0 0.07275390625 0.90966796875 0.1435546875 0.1650390625
0 0.216796875 0.865234375 0.181640625 0.181640625
0 0.216796875 0.865234375 0.181640625 0.181640625
0 0.4248046875 0.8671875 0.0625 0.0859375
0 0.4248046875 0.8671875 0.0625 0.0859375
0 0.88623046875 0.853515625 0.0576171875 0.064453125
0 0.88623046875 0.853515625 0.0576171875 0.064453125
0 0.88671875 0.123046875 0.02734375 0.044921875
0 0.88671875 0.123046875 0.02734375 0.044921875