0 0.09814453125 0.14697265625 0.1162109375 0.1611328125
0 0.09814453125 0.14697265625 0.1162109375 0.1611328125
0 0.203125 0.10986328125 0.1640625 0.1904296875
0 0.203125 0.10986328125 0.1640625 0.1904296875
0 0.0380859375 0.33984375 0.07421875 0.123046875
0 0.0380859375 0.33984375 0.07421875 0.123046875
0 0.42138671875 0.326171875 0.1767578125 0.197265625
0 0.42138671875 0.326171875 0.1767578125 0.197265625
0 0.0849609375 0.5625 0.138671875 0.099609375
0 0.0849609375 0.5625 0.138671875 0.099609375
0 0.01513671875 0.72314453125 0.0283203125 0.0439453125
0 0.01513671875 0.72314453125 0.0283203125 0.0439453125
0 0.24365234375 0.662109375 0.0537109375 0.087890625
0 0.24365234375 0.662109375 0.0537109375 0.087890625
0 0.029296875 0.873046875 0.056640625 0.11328125
0 0.029296875 0.873046875 0.056640625 0.11328125
0 0.63623046875 0.5771484375 0.1728515625 0.181640625
0 0.63623046875 0.5771484375 0.1728515625 0.181640625
0 0.58544921875 0.69873046875 0.1376953125 0.1123046875
0 0.58544921875 0.69873046875 0.1376953125 0.1123046875