0 0.01806640625 0.13685239491691104 0.0341796875 0.13098729227761485
0 0.01806640625 0.13685239491691104 0.0341796875 0.13098729227761485
0 0.0986328125 0.20821114369501467 0.158203125 0.15249266862170088
0 0.0986328125 0.20821114369501467 0.158203125 0.15249266862170088
0 0.005859375 0.5493646138807429 0.009765625 0.03128054740957967
0 0.005859375 0.5493646138807429 0.009765625 0.03128054740957967
0 0.28955078125 0.6837732160312805 0.1416015625 0.14565004887585534
0 0.28955078125 0.6837732160312805 0.1416015625 0.14565004887585534
0 0.0751953125 0.8763440860215054 0.111328125 0.1436950146627566
0 0.0751953125 0.8763440860215054 0.111328125 0.1436950146627566
0 0.55224609375 0.375366568914956 0.1435546875 0.15835777126099707
0 0.55224609375 0.375366568914956 0.1435546875 0.15835777126099707
0 0.6064453125 0.8577712609970675 0.166015625 0.1710654936461388
0 0.6064453125 0.8577712609970675 0.166015625 0.1710654936461388
0 0.6533203125 0.8088954056695992 0.123046875 0.10459433040078202
0 0.6533203125 0.8088954056695992 0.123046875 0.10459433040078202
0 0.8701171875 0.7150537634408602 0.14453125 0.12218963831867058
0 0.8701171875 0.7150537634408602 0.14453125 0.12218963831867058