0 0.20068359375 0.01708984375 0.0712890625 0.0322265625
0 0.20068359375 0.01708984375 0.0712890625 0.0322265625
0 0.60205078125 0.021484375 0.1455078125 0.041015625
0 0.60205078125 0.021484375 0.1455078125 0.041015625
0 0.50634765625 0.0224609375 0.0751953125 0.04296875
0 0.50634765625 0.0224609375 0.0751953125 0.04296875
0 0.82470703125 0.00244140625 0.0458984375 0.0029296875
0 0.82470703125 0.00244140625 0.0458984375 0.0029296875
0 0.783203125 0.04150390625 0.142578125 0.0810546875
0 0.783203125 0.04150390625 0.142578125 0.0810546875
0 0.58642578125 0.07666015625 0.0732421875 0.0654296875
0 0.58642578125 0.07666015625 0.0732421875 0.0654296875
0 0.515625 0.17822265625 0.06640625 0.0595703125
0 0.515625 0.17822265625 0.06640625 0.0595703125
0 0.12255859375 0.24169921875 0.0556640625 0.0478515625
0 0.12255859375 0.24169921875 0.0556640625 0.0478515625
0 0.66162109375 0.0859375 0.0576171875 0.052734375
0 0.66162109375 0.0859375 0.0576171875 0.052734375
0 0.5654296875 0.3349609375 0.076171875 0.06640625
0 0.5654296875 0.3349609375 0.076171875 0.06640625
0 0.630859375 0.26806640625 0.056640625 0.0517578125
0 0.630859375 0.26806640625 0.056640625 0.0517578125
0 0.88037109375 0.2109375 0.1474609375 0.158203125
0 0.88037109375 0.2109375 0.1474609375 0.158203125
0 0.50244140625 0.5380859375 0.0576171875 0.052734375
0 0.50244140625 0.5380859375 0.0576171875 0.052734375
0 0.65185546875 0.44482421875 0.0556640625 0.0595703125
0 0.65185546875 0.44482421875 0.0556640625 0.0595703125
0 0.11474609375 0.54931640625 0.1494140625 0.1806640625
0 0.11474609375 0.54931640625 0.1494140625 0.1806640625
0 0.0048828125 0.533203125 0.0078125 0.060546875
0 0.0048828125 0.533203125 0.0078125 0.060546875
0 0.10888671875 0.78857421875 0.1982421875 0.1982421875
0 0.10888671875 0.78857421875 0.1982421875 0.1982421875
0 0.01171875 0.80810546875 0.021484375 0.1572265625
0 0.01171875 0.80810546875 0.021484375 0.1572265625
0 0.455078125 0.6611328125 0.17578125 0.193359375
0 0.455078125 0.6611328125 0.17578125 0.193359375
0 0.724609375 0.58154296875 0.16796875 0.1162109375
0 0.724609375 0.58154296875 0.16796875 0.1162109375
0 0.32421875 0.9560546875 0.140625 0.083984375
0 0.32421875 0.9560546875 0.140625 0.083984375
0 0.8369140625 0.9599609375 0.1171875 0.076171875
0 0.8369140625 0.9599609375 0.1171875 0.076171875
0 0.9384765625 0.08837890625 0.123046875 0.1748046875
0 0.9384765625 0.08837890625 0.123046875 0.1748046875
0 0.9814453125 0.56201171875 0.037109375 0.0517578125
0 0.9814453125 0.56201171875 0.037109375 0.0517578125