0 0.130859375 0.03515625 0.150390625 0.068359375
0 0.130859375 0.03515625 0.150390625 0.068359375
0 0.2900390625 0.0947265625 0.07421875 0.14453125
0 0.2900390625 0.0947265625 0.07421875 0.14453125
0 0.1025390625 0.10986328125 0.083984375 0.1181640625
0 0.1025390625 0.10986328125 0.083984375 0.1181640625
0 0.34716796875 0.041015625 0.0341796875 0.056640625
0 0.34716796875 0.041015625 0.0341796875 0.056640625
0 0.3984375 0.3564453125 0.169921875 0.185546875
0 0.3984375 0.3564453125 0.169921875 0.185546875
0 0.48388671875 0.3740234375 0.1513671875 0.171875
0 0.48388671875 0.3740234375 0.1513671875 0.171875
0 0.3994140625 0.54541015625 0.185546875 0.1767578125
0 0.3994140625 0.54541015625 0.185546875 0.1767578125
0 0.01953125 0.4091796875 0.037109375 0.07421875
0 0.01953125 0.4091796875 0.037109375 0.07421875
0 0.1953125 0.90478515625 0.1640625 0.1787109375
0 0.1953125 0.90478515625 0.1640625 0.1787109375
0 0.8876953125 0.08447265625 0.111328125 0.1435546875
0 0.8876953125 0.08447265625 0.111328125 0.1435546875
0 0.81298828125 0.47216796875 0.1845703125 0.1708984375
0 0.81298828125 0.47216796875 0.1845703125 0.1708984375
0 0.86279296875 0.73388671875 0.1982421875 0.2001953125
0 0.86279296875 0.73388671875 0.1982421875 0.2001953125
0 0.96630859375 0.568359375 0.0673828125 0.193359375
0 0.96630859375 0.568359375 0.0673828125 0.193359375
0 0.9501953125 0.9208984375 0.099609375 0.15234375
0 0.9501953125 0.9208984375 0.099609375 0.15234375
0 0.76513671875 0.79931640625 0.0986328125 0.1142578125
0 0.76513671875 0.79931640625 0.0986328125 0.1142578125
0 0.970703125 0.705078125 0.05859375 0.078125
0 0.970703125 0.705078125 0.05859375 0.078125