0 0.05615234375 0.39306640625 0.1103515625 0.1474609375
0 0.05615234375 0.39306640625 0.1103515625 0.1474609375
0 0.0166015625 0.54150390625 0.03125 0.0537109375
0 0.0166015625 0.54150390625 0.03125 0.0537109375
0 0.4716796875 0.02490234375 0.18359375 0.0478515625
0 0.4716796875 0.02490234375 0.18359375 0.0478515625
0 0.1240234375 0.06103515625 0.16015625 0.1201171875
0 0.1240234375 0.06103515625 0.16015625 0.1201171875
0 0.27294921875 0.08154296875 0.1748046875 0.1611328125
0 0.27294921875 0.08154296875 0.1748046875 0.1611328125
0 0.466796875 0.1015625 0.162109375 0.177734375
0 0.466796875 0.1015625 0.162109375 0.177734375
0 0.74609375 0.09130859375 0.138671875 0.1240234375
0 0.74609375 0.09130859375 0.138671875 0.1240234375
0 0.8720703125 0.18505859375 0.1328125 0.1357421875
0 0.8720703125 0.18505859375 0.1328125 0.1357421875
0 0.29443359375 0.32763671875 0.1572265625 0.1611328125
0 0.29443359375 0.32763671875 0.1572265625 0.1611328125
0 0.6064453125 0.322265625 0.0390625 0.0390625
0 0.6064453125 0.322265625 0.0390625 0.0390625
0 0.3388671875 0.484375 0.173828125 0.154296875
0 0.3388671875 0.484375 0.173828125 0.154296875
0 0.22998046875 0.41552734375 0.0654296875 0.0400390625
0 0.22998046875 0.41552734375 0.0654296875 0.0400390625
0 0.2685546875 0.5703125 0.06640625 0.060546875
0 0.2685546875 0.5703125 0.06640625 0.060546875
0 0.5068359375 0.70654296875 0.17578125 0.1552734375
0 0.5068359375 0.70654296875 0.17578125 0.1552734375
0 0.9794921875 0.8349609375 0.03515625 0.1015625
0 0.9794921875 0.8349609375 0.03515625 0.1015625