0 0.27880859375 0.010752688172043012 0.0439453125 0.019550342130987292
0 0.0791015625 0.01466275659824047 0.10546875 0.02737047898338221
0 0.00390625 0.12658846529814272 0.005859375 0.020527859237536656
0 0.4775390625 0.08211143695014662 0.12890625 0.16226783968719452
0 0.35009765625 0.261485826001955 0.1611328125 0.1495601173020528
0 0.5458984375 0.24731182795698925 0.08203125 0.08797653958944282
0 0.20068359375 0.426197458455523 0.1396484375 0.15053763440860216
0 0.35400390625 0.43743890518084066 0.1650390625 0.13391984359726294
0 0.52734375 0.45454545454545453 0.1484375 0.13098729227761485
0 0.15380859375 0.5620723362658846 0.0986328125 0.07820136852394917
0 0.12646484375 0.6852394916911045 0.1376953125 0.16422287390029325
0 0.234375 0.7517106549364614 0.140625 0.16226783968719452
0 0.08935546875 0.9359726295210166 0.1396484375 0.12805474095796676
0 0.1796875 0.8905180840664711 0.162109375 0.1603128054740958
0 0.3125 0.7468230694037146 0.0703125 0.1270772238514174
0 0.69091796875 0.6759530791788856 0.1533203125 0.13978494623655913
0 0.51513671875 0.929130009775171 0.1416015625 0.14173998044965788
0 0.90380859375 0.24486803519061584 0.0654296875 0.0635386119257087
0 0.99072265625 0.36363636363636365 0.0185546875 0.0469208211143695
0 0.98046875 0.5498533724340176 0.0390625 0.059628543499511244
0 0.94189453125 0.6109481915933529 0.0556640625 0.06842619745845552
0 0.962890625 0.5884652981427175 0.041015625 0.04105571847507331
0 0.98876953125 0.7952101661779081 0.0224609375 0.059628543499511244
