0 0.126953125 0.1904296875 0.177734375 0.1953125
0 0.5419921875 0.03662109375 0.13671875 0.0712890625
0 0.46875 0.08203125 0.10546875 0.09375
0 0.4189453125 0.1904296875 0.072265625 0.109375
0 0.50830078125 0.26123046875 0.0771484375 0.0634765625
0 0.4345703125 0.37548828125 0.072265625 0.0634765625
0 0.1923828125 0.7265625 0.162109375 0.1640625
0 0.2041015625 0.814453125 0.078125 0.060546875
0 0.9775390625 0.0068359375 0.044921875 0.01171875
0 0.78076171875 0.130859375 0.1591796875 0.146484375
0 0.923828125 0.0615234375 0.15234375 0.099609375
0 0.93701171875 0.1806640625 0.1259765625 0.17578125
0 0.970703125 0.322265625 0.05859375 0.09765625
0 0.93896484375 0.49560546875 0.1220703125 0.1435546875
0 0.66748046875 0.734375 0.1962890625 0.154296875
0 0.833984375 0.94287109375 0.19140625 0.1142578125
