0 0.42041015625 0.04052734375 0.1259765625 0.0791015625
0 0.220703125 0.0146484375 0.052734375 0.02734375
0 0.30615234375 0.2236328125 0.0615234375 0.048828125
0 0.4365234375 0.17578125 0.12109375 0.12890625
0 0.5498046875 0.158203125 0.076171875 0.0859375
0 0.6884765625 0.09912109375 0.138671875 0.1337890625
0 0.95166015625 0.0263671875 0.0908203125 0.05078125
0 0.79541015625 0.08154296875 0.1064453125 0.1396484375
0 0.705078125 0.24853515625 0.09765625 0.1181640625
0 0.65869140625 0.2734375 0.1005859375 0.0703125
0 0.6572265625 0.35888671875 0.134765625 0.1357421875
0 0.603515625 0.5009765625 0.140625 0.138671875
0 0.41162109375 0.39013671875 0.1494140625 0.1552734375
0 0.66064453125 0.5009765625 0.0732421875 0.142578125
0 0.95703125 0.09521484375 0.08203125 0.0966796875
0 0.9912109375 0.302734375 0.013671875 0.10546875
0 0.6552734375 0.7158203125 0.130859375 0.138671875
0 0.40869140625 0.78125 0.0537109375 0.060546875
0 0.0986328125 0.8251953125 0.14453125 0.14453125
0 0.140625 0.92626953125 0.1328125 0.1279296875
0 0.5185546875 0.84814453125 0.06640625 0.1064453125
0 0.6376953125 0.94140625 0.130859375 0.11328125
0 0.85791015625 0.958984375 0.0732421875 0.041015625
