0 0.04345703125 0.2392578125 0.0849609375 0.1328125
0 0.08349609375 0.1806640625 0.0556640625 0.06640625
0 0.4140625 0.1591796875 0.171875 0.1875
0 0.65185546875 0.0185546875 0.1748046875 0.03515625
0 0.06201171875 0.46142578125 0.1220703125 0.1220703125
0 0.34814453125 0.57666015625 0.1923828125 0.2138671875
0 0.01416015625 0.75537109375 0.0263671875 0.0107421875
0 0.08203125 0.81640625 0.126953125 0.111328125
0 0.36962890625 0.8564453125 0.2060546875 0.208984375
0 0.2822265625 0.9326171875 0.080078125 0.08984375
0 0.57177734375 0.671875 0.1767578125 0.158203125
0 0.64501953125 0.822265625 0.1943359375 0.17578125
0 0.91015625 0.0712890625 0.08984375 0.13671875
0 0.79638671875 0.39111328125 0.1611328125 0.1259765625
0 0.9384765625 0.47021484375 0.123046875 0.1474609375
0 0.97265625 0.8291015625 0.0546875 0.162109375
0 0.7568359375 0.95263671875 0.146484375 0.0947265625
