0 0.23779296875 0.01025390625 0.0458984375 0.0185546875
0 0.03076171875 0.06689453125 0.0595703125 0.1318359375
0 0.28125 0.0986328125 0.080078125 0.072265625
0 0.20947265625 0.20263671875 0.1982421875 0.1982421875
0 0.56787109375 0.16552734375 0.0654296875 0.0595703125
0 0.5087890625 0.20751953125 0.046875 0.0576171875
0 0.77490234375 0.25244140625 0.1259765625 0.1240234375
0 0.86279296875 0.27978515625 0.0419921875 0.0498046875
0 0.650390625 0.318359375 0.05859375 0.07421875
0 0.38525390625 0.4453125 0.1708984375 0.15625
0 0.29296875 0.44091796875 0.087890625 0.1435546875
0 0.13916015625 0.52587890625 0.0751953125 0.0556640625
0 0.7783203125 0.48486328125 0.06640625 0.0537109375
0 0.5205078125 0.67822265625 0.177734375 0.1689453125
0 0.361328125 0.83837890625 0.05078125 0.0771484375
0 0.6689453125 0.861328125 0.0703125 0.0703125
0 0.775390625 0.77734375 0.05078125 0.048828125
0 0.73291015625 0.70166015625 0.0537109375 0.0478515625
0 0.02734375 0.98095703125 0.052734375 0.0380859375
0 0.15966796875 0.95849609375 0.1552734375 0.0830078125
0 0.330078125 0.99853515625 0.021484375 0.0029296875
0 0.4140625 0.96533203125 0.11328125 0.0693359375
0 0.86328125 0.751953125 0.125 0.130859375
0 0.21875 0.71533203125 0.05078125 0.0302734375
0 0.962890625 0.06298828125 0.07421875 0.1181640625
0 0.986328125 0.5986328125 0.02734375 0.126953125
0 0.95654296875 0.7724609375 0.0869140625 0.154296875
0 0.99658203125 0.8896484375 0.0068359375 0.05078125
