0 0.421875 0.3572825024437928 0.130859375 0.08699902248289346
0 0.501953125 0.2487781036168133 0.099609375 0.10654936461388075
0 0.51708984375 0.36901270772238515 0.0654296875 0.053763440860215055
0 0.6064453125 0.26295210166177907 0.08203125 0.13294232649071358
0 0.69287109375 0.2624633431085044 0.1533203125 0.14173998044965788
0 0.82568359375 0.3098729227761486 0.0537109375 0.06842619745845552
0 0.83544921875 0.4046920821114369 0.1142578125 0.10752688172043011
0 0.80322265625 0.5733137829912024 0.1240234375 0.11436950146627566
0 0.81298828125 0.7179863147605083 0.1220703125 0.07526881720430108
0 0.2490234375 0.9956011730205279 0.07421875 0.008797653958944282
0 0.765625 0.06451612903225806 0.087890625 0.09970674486803519
