0 0.546875 0.01953125 0.119140625 0.037109375
0 0.5849609375 0.35888671875 0.14453125 0.1396484375
0 0.572265625 0.5 0.142578125 0.13671875
0 0.96435546875 0.3056640625 0.0712890625 0.107421875
0 0.72705078125 0.158203125 0.0380859375 0.04296875
0 0.759765625 0.5322265625 0.13671875 0.146484375
0 0.51025390625 0.7431640625 0.1220703125 0.12890625
0 0.61083984375 0.76318359375 0.0986328125 0.0908203125
0 0.86962890625 0.88427734375 0.1259765625 0.1083984375
0 0.96142578125 0.9169921875 0.0771484375 0.16015625
