0 0.2099609375 0.04740957966764418 0.123046875 0.09286412512218964
0 0.64794921875 0.039100684261974585 0.1220703125 0.07624633431085044
0 0.60546875 0.1402737047898338 0.05078125 0.059628543499511244
0 0.05810546875 0.18181818181818182 0.1142578125 0.1466275659824047
0 0.17041015625 0.1793743890518084 0.1396484375 0.15933528836754643
0 0.0400390625 0.5039100684261975 0.078125 0.04398826979472141
0 0.1943359375 0.5288367546432062 0.177734375 0.1935483870967742
0 0.0390625 0.66911045943304 0.076171875 0.0772238514173998
0 0.65478515625 0.333822091886608 0.1298828125 0.12805474095796676
0 0.626953125 0.4002932551319648 0.09375 0.08699902248289346
0 0.556640625 0.5136852394916911 0.107421875 0.11436950146627566
0 0.61181640625 0.6016617790811339 0.0341796875 0.0635386119257087
0 0.5712890625 0.6901270772238515 0.052734375 0.044965786901270774
0 0.52587890625 0.8470185728250245 0.0400390625 0.04985337243401759
0 0.26171875 0.9912023460410557 0.087890625 0.017595307917888565
0 0.74609375 0.9951124144672532 0.115234375 0.009775171065493646
0 0.88623046875 0.1881720430107527 0.1044921875 0.14565004887585534
0 0.98779296875 0.2697947214076246 0.0244140625 0.10361681329423265
0 0.85205078125 0.4638318670576735 0.1513671875 0.14565004887585534
0 0.97216796875 0.5029325513196481 0.0556640625 0.053763440860215055
