0 0.0673828125 0.013196480938416423 0.0703125 0.024437927663734114
0 0.01611328125 0.3626588465298143 0.0302734375 0.10557184750733138
0 0.0673828125 0.34017595307917886 0.119140625 0.12512218963831867
0 0.00341796875 0.9921798631476051 0.0048828125 0.015640273704789834
0 0.64013671875 0.017595307917888565 0.0654296875 0.033235581622678395
0 0.61328125 0.04887585532746823 0.03125 0.033235581622678395
0 0.16943359375 0.02932551319648094 0.1318359375 0.056695992179863146
0 0.25048828125 0.08748778103616814 0.1396484375 0.1300097751710655
0 0.310546875 0.016617790811339198 0.05859375 0.03128054740957967
0 0.3212890625 0.17790811339198437 0.064453125 0.06256109481915934
0 0.83935546875 0.24242424242424243 0.1259765625 0.09579667644183773
0 0.98974609375 0.03372434017595308 0.0205078125 0.06549364613880743
0 0.18994140625 0.3118279569892473 0.1279296875 0.08993157380254155
0 0.4775390625 0.36950146627565983 0.125 0.12316715542521994
0 0.17626953125 0.4046920821114369 0.1318359375 0.13685239491691104
0 0.43212890625 0.4701857282502444 0.0634765625 0.06647116324535679
0 0.951171875 0.4496578690127077 0.09765625 0.15640273704789834
0 0.21240234375 0.7135874877810362 0.1220703125 0.12121212121212122
0 0.29248046875 0.6764418377321603 0.0439453125 0.033235581622678395
0 0.72998046875 0.7316715542521994 0.1435546875 0.14760508308895406
0 0.98583984375 0.6495601173020528 0.0283203125 0.12609970674486803
0 0.96826171875 0.7761485826001955 0.0537109375 0.05474095796676442
0 0.1767578125 0.8289345063538612 0.10546875 0.11534701857282502
0 0.6845703125 0.8484848484848485 0.15234375 0.08211143695014662
0 0.6357421875 0.9408602150537635 0.12890625 0.11827956989247312
0 0.80029296875 0.9560117302052786 0.1083984375 0.08797653958944282
