0 0.361328125 0.04643206256109482 0.05078125 0.0772238514173998
0 0.6689453125 0.06940371456500488 0.0703125 0.07038123167155426
0 0.76953125 0.005376344086021506 0.033203125 0.008797653958944282
0 0.037109375 0.24780058651026393 0.072265625 0.15542521994134897
0 0.15771484375 0.20772238514174 0.1611328125 0.1652003910068426
0 0.14111328125 0.2913000977517107 0.1435546875 0.09775171065493646
0 0.333984375 0.2644183773216031 0.130859375 0.11827956989247312
0 0.4208984375 0.20869990224828935 0.126953125 0.13978494623655913
0 0.67431640625 0.33479960899315736 0.0595703125 0.022482893450635387
0 0.8798828125 0.013196480938416423 0.0703125 0.024437927663734114
0 0.78955078125 0.3621700879765396 0.1083984375 0.11632453567937438
0 0.73486328125 0.38025415444770283 0.0791015625 0.08797653958944282
0 0.8798828125 0.34017595307917886 0.119140625 0.12512218963831867
0 0.48486328125 0.6050830889540567 0.1630859375 0.15640273704789834
0 0.5302734375 0.7135874877810362 0.103515625 0.08797653958944282
0 0.09033203125 0.7150537634408602 0.1728515625 0.1652003910068426
0 0.693359375 0.5454545454545454 0.0390625 0.03519061583577713
0 0.7744140625 0.7688172043010753 0.0625 0.05767350928641251
0 0.1201171875 0.9428152492668622 0.130859375 0.11436950146627566
0 0.37451171875 0.9608993157380255 0.0771484375 0.06256109481915934
0 0.26708984375 0.9833822091886608 0.1455078125 0.033235581622678395
0 0.77001953125 0.844574780058651 0.0654296875 0.05865102639296188
0 0.7802734375 0.9701857282502444 0.076171875 0.059628543499511244
0 0.603515625 0.966275659824047 0.056640625 0.06744868035190615
0 0.9580078125 0.02932551319648094 0.083984375 0.056695992179863146
0 0.99658203125 0.09775171065493646 0.0068359375 0.05083088954056696
0 0.96923828125 0.30498533724340177 0.0615234375 0.07429130009775171
0 0.96142578125 0.4046920821114369 0.0771484375 0.13685239491691104
0 0.98193359375 0.7140762463343109 0.0361328125 0.11436950146627566
0 0.96826171875 0.8289345063538612 0.0634765625 0.11534701857282502
