0 0.02783203125 0.17431640625 0.0537109375 0.0693359375
0 0.2431640625 0.51513671875 0.14453125 0.1474609375
0 0.3076171875 0.31640625 0.11328125 0.0859375
0 0.001953125 0.701171875 0.001953125 0.015625
0 0.11279296875 0.6845703125 0.1279296875 0.14453125
0 0.2705078125 0.67529296875 0.166015625 0.1533203125
0 0.07373046875 0.95361328125 0.1376953125 0.0927734375
0 0.9384765625 0.02880859375 0.046875 0.0556640625
0 0.86572265625 0.57421875 0.1689453125 0.177734375
0 0.8515625 0.6982421875 0.1015625 0.08203125
0 0.947265625 0.6416015625 0.06640625 0.05859375
0 0.3837890625 0.76220703125 0.1484375 0.1220703125
0 0.4375 0.9794921875 0.140625 0.041015625
0 0.80908203125 0.974609375 0.0654296875 0.05078125
0 0.84716796875 0.87939453125 0.0712890625 0.0654296875
