0 0.02490234375 0.51904296875 0.0478515625 0.0966796875
0 0.62548828125 0.0283203125 0.1396484375 0.0546875
0 0.775390625 0.009765625 0.10546875 0.017578125
0 0.94287109375 0.05517578125 0.1103515625 0.1083984375
0 0.44873046875 0.35888671875 0.0751953125 0.1005859375
0 0.64599609375 0.31689453125 0.1044921875 0.1298828125
0 0.54638671875 0.5048828125 0.1435546875 0.134765625
0 0.8720703125 0.39892578125 0.154296875 0.1572265625
0 0.70703125 0.5712890625 0.123046875 0.138671875
0 0.5556640625 0.6767578125 0.138671875 0.103515625
0 0.619140625 0.8408203125 0.125 0.119140625
0 0.66455078125 0.6982421875 0.1142578125 0.103515625
