0 0.00439453125 0.99755859375 0.0068359375 0.0048828125
0 0.1376953125 0.04248046875 0.0703125 0.0830078125
0 0.25048828125 0.044921875 0.1572265625 0.087890625
0 0.26513671875 0.17041015625 0.0673828125 0.0693359375
0 0.103515625 0.57080078125 0.15234375 0.1552734375
0 0.66748046875 0.125 0.1064453125 0.072265625
0 0.751953125 0.18505859375 0.150390625 0.1611328125
0 0.9873046875 0.171875 0.025390625 0.05859375
0 0.904296875 0.36279296875 0.09765625 0.1494140625
0 0.97021484375 0.3876953125 0.0595703125 0.10546875
0 0.68994140625 0.4873046875 0.1728515625 0.177734375
0 0.95166015625 0.64013671875 0.0966796875 0.1357421875
0 0.66064453125 0.67236328125 0.1435546875 0.1103515625
0 0.8076171875 0.7099609375 0.08984375 0.1171875
0 0.67578125 0.8154296875 0.1640625 0.13671875
0 0.7412109375 0.90771484375 0.150390625 0.1630859375
0 0.0771484375 0.720703125 0.1328125 0.123046875
0 0.17333984375 0.85498046875 0.1201171875 0.1181640625
0 0.986328125 0.82568359375 0.02734375 0.1162109375
0 0.9091796875 0.89697265625 0.05859375 0.0634765625
0 0.8876953125 0.89990234375 0.080078125 0.1123046875
