0 0.0458984375 0.7150537634408602 0.08984375 0.16129032258064516
0 0.021484375 0.8304007820136853 0.041015625 0.06940371456500488
0 0.07080078125 0.9618768328445748 0.1396484375 0.07624633431085044
0 0.23193359375 0.5342130987292277 0.1669921875 0.16911045943304007
0 0.533203125 0.007331378299120235 0.0703125 0.01270772238514174
0 0.47216796875 0.10361681329423265 0.0888671875 0.11534701857282502
0 0.48681640625 0.6940371456500489 0.1787109375 0.187683284457478
0 0.1650390625 0.8651026392961877 0.201171875 0.20527859237536658
0 0.53955078125 0.9413489736070382 0.1689453125 0.11730205278592376
0 0.62890625 0.2570869990224829 0.125 0.12316715542521994
0 0.87353515625 0.11779081133919844 0.1669921875 0.1652003910068426
0 0.96923828125 0.07673509286412512 0.0615234375 0.15151515151515152
0 0.8291015625 0.3020527859237537 0.146484375 0.15053763440860216
0 0.94921875 0.4095796676441838 0.1015625 0.16422287390029325
0 0.92822265625 0.8333333333333334 0.1435546875 0.15933528836754643
0 0.9990234375 0.8763440860215054 0.001953125 0.028347996089931573
