0 0.0986328125 0.09375 0.158203125 0.12109375
0 0.16845703125 0.31494140625 0.1591796875 0.1494140625
0 0.14599609375 0.50537109375 0.0498046875 0.0712890625
0 0.2744140625 0.6689453125 0.0703125 0.064453125
0 0.26123046875 0.8203125 0.1455078125 0.142578125
0 0.34423828125 0.67333984375 0.1337890625 0.1435546875
0 0.279296875 0.71044921875 0.052734375 0.0400390625
0 0.43994140625 0.0478515625 0.1494140625 0.09375
0 0.58349609375 0.05126953125 0.1572265625 0.1005859375
0 0.5419921875 0.2099609375 0.154296875 0.16796875
0 0.92529296875 0.1904296875 0.1494140625 0.1953125
0 0.478515625 0.60205078125 0.16015625 0.1689453125
0 0.60498046875 0.71533203125 0.1650390625 0.1552734375
0 0.9619140625 0.72705078125 0.076171875 0.1611328125
0 0.98876953125 0.822265625 0.0224609375 0.033203125
