0 0.01318359375 0.11865234375 0.0244140625 0.0947265625
0 0.0126953125 0.34375 0.0234375 0.06640625
0 0.11376953125 0.5703125 0.1474609375 0.166015625
0 0.681640625 0.0556640625 0.13671875 0.109375
0 0.3369140625 0.01318359375 0.06640625 0.0244140625
0 0.26025390625 0.00146484375 0.0068359375 0.0009765625
0 0.24169921875 0.05517578125 0.0576171875 0.0400390625
0 0.712890625 0.287109375 0.1015625 0.10546875
0 0.8740234375 0.607421875 0.095703125 0.130859375
0 0.4384765625 0.94921875 0.158203125 0.1015625
