0 0.0087890625 0.263671875 0.015625 0.09765625
0 0.181640625 0.05126953125 0.150390625 0.1005859375
0 0.0830078125 0.18994140625 0.078125 0.1142578125
0 0.416015625 0.01953125 0.134765625 0.037109375
0 0.24267578125 0.15966796875 0.0576171875 0.0517578125
0 0.27294921875 0.533203125 0.0576171875 0.05078125
0 0.970703125 0.0732421875 0.0546875 0.111328125
0 0.71728515625 0.1357421875 0.0693359375 0.0703125
0 0.39697265625 0.3193359375 0.0712890625 0.0625
0 0.41357421875 0.4189453125 0.0654296875 0.046875
0 0.603515625 0.43017578125 0.15234375 0.1572265625
0 0.42236328125 0.4765625 0.0830078125 0.07421875
0 0.41650390625 0.5810546875 0.0302734375 0.052734375
0 0.62890625 0.7744140625 0.146484375 0.146484375
0 0.78515625 0.7216796875 0.1875 0.177734375
0 0.94287109375 0.83056640625 0.1103515625 0.1416015625
0 0.5732421875 0.18408203125 0.06640625 0.0556640625
