0 0.03564453125 0.26513671875 0.0693359375 0.1572265625
0 0.09814453125 0.29345703125 0.0712890625 0.1064453125
0 0.13037109375 0.42333984375 0.0947265625 0.0498046875
0 0.216796875 0.43017578125 0.05859375 0.0810546875
0 0.123046875 0.5244140625 0.15625 0.171875
0 0.57861328125 0.4609375 0.1513671875 0.1484375
0 0.744140625 0.4404296875 0.115234375 0.125
0 0.60498046875 0.59521484375 0.1455078125 0.1376953125
0 0.638671875 0.76904296875 0.095703125 0.1298828125
0 0.744140625 0.81103515625 0.140625 0.1376953125
0 0.8271484375 0.69140625 0.126953125 0.1328125
0 0.15283203125 0.76123046875 0.1552734375 0.1533203125
0 0.025390625 0.966796875 0.048828125 0.06640625
0 0.77734375 0.96533203125 0.154296875 0.0693359375
0 0.94921875 0.38818359375 0.03125 0.0419921875
0 0.94677734375 0.775390625 0.1064453125 0.111328125
