0 0.140625 0.0107421875 0.076171875 0.01953125
0 0.0576171875 0.01513671875 0.0546875 0.0283203125
0 0.03515625 0.384765625 0.068359375 0.142578125
0 0.12548828125 0.3720703125 0.1298828125 0.140625
0 0.02587890625 0.74267578125 0.0498046875 0.0615234375
0 0.80712890625 0.09521484375 0.0634765625 0.0634765625
0 0.8515625 0.41064453125 0.177734375 0.1845703125
0 0.96044921875 0.37890625 0.0537109375 0.060546875
0 0.78759765625 0.4970703125 0.1552734375 0.12890625
0 0.9423828125 0.4765625 0.115234375 0.099609375
0 0.90576171875 0.7431640625 0.1201171875 0.169921875
0 0.9814453125 0.94921875 0.037109375 0.1015625
