0 0.4287109375 0.017578125 0.0625 0.033203125
0 0.52783203125 0.01416015625 0.0615234375 0.0263671875
0 0.37890625 0.18505859375 0.126953125 0.1435546875
0 0.00537109375 0.1064453125 0.0087890625 0.03515625
0 0.05517578125 0.41455078125 0.1083984375 0.0791015625
0 0.29150390625 0.068359375 0.0244140625 0.052734375
0 0.24169921875 0.35107421875 0.1494140625 0.1455078125
0 0.0068359375 0.48193359375 0.01171875 0.0576171875
0 0.138671875 0.67919921875 0.15625 0.1708984375
0 0.31103515625 0.58251953125 0.0908203125 0.1064453125
0 0.501953125 0.361328125 0.064453125 0.056640625
0 0.50927734375 0.4951171875 0.1240234375 0.15234375
0 0.564453125 0.49169921875 0.064453125 0.1396484375
0 0.51806640625 0.63037109375 0.1455078125 0.1298828125
0 0.5546875 0.70703125 0.041015625 0.052734375
0 0.59326171875 0.67236328125 0.0361328125 0.0712890625
0 0.2802734375 0.791015625 0.046875 0.04296875
0 0.07177734375 0.7626953125 0.1416015625 0.115234375
0 0.00390625 0.91845703125 0.005859375 0.0205078125
0 0.5595703125 0.296875 0.052734375 0.068359375
0 0.4775390625 0.8740234375 0.12890625 0.162109375
0 0.34912109375 0.9892578125 0.1591796875 0.021484375
0 0.5478515625 0.99755859375 0.0234375 0.0048828125
0 0.896484375 0.12548828125 0.04296875 0.0556640625
0 0.99267578125 0.220703125 0.0146484375 0.033203125
0 0.95703125 0.2744140625 0.060546875 0.06640625
0 0.8857421875 0.359375 0.060546875 0.068359375
0 0.98388671875 0.3525390625 0.0322265625 0.03515625
0 0.91015625 0.4970703125 0.060546875 0.068359375
0 0.95703125 0.52197265625 0.044921875 0.0478515625
0 0.97998046875 0.619140625 0.0400390625 0.0390625
0 0.994140625 0.609375 0.01171875 0.03515625
