0 0.2099609375 0.0625 0.154296875 0.123046875
0 0.00927734375 0.20654296875 0.0166015625 0.0517578125
0 0.8095703125 0.19921875 0.111328125 0.1484375
0 0.04931640625 0.38037109375 0.0966796875 0.1806640625
0 0.1533203125 0.72607421875 0.11328125 0.1005859375
0 0.49169921875 0.72412109375 0.1376953125 0.1591796875
0 0.5830078125 0.853515625 0.146484375 0.150390625
0 0.81591796875 0.71044921875 0.1767578125 0.1748046875
0 0.7041015625 0.58447265625 0.109375 0.1025390625
0 0.12109375 0.48193359375 0.08203125 0.1044921875
