0 0.0341796875 0.02737047898338221 0.06640625 0.05278592375366569
0 0.1142578125 0.010263929618768328 0.0859375 0.01857282502443793
0 0.001953125 0.18035190615835778 0.001953125 0.002932551319648094
0 0.0595703125 0.25024437927663734 0.1171875 0.15835777126099707
0 0.09912109375 0.35239491691104596 0.1376953125 0.1436950146627566
0 0.26123046875 0.6549364613880743 0.1123046875 0.12903225806451613
0 0.1279296875 0.7463343108504399 0.0390625 0.03421309872922776
0 0.400390625 0.9203323558162267 0.125 0.15151515151515152
0 0.126953125 0.9560117302052786 0.056640625 0.043010752688172046
0 0.05615234375 0.9330400782013685 0.0400390625 0.05571847507331378
0 0.80615234375 0.8533724340175953 0.1357421875 0.12903225806451613
