0 0.19482421875 0.0703125 0.1806640625 0.138671875
0 0.26025390625 0.1796875 0.0771484375 0.095703125
0 0.23095703125 0.265625 0.0615234375 0.03125
0 0.0234375 0.15234375 0.044921875 0.025390625
0 0.03955078125 0.05615234375 0.0458984375 0.0732421875
0 0.06787109375 0.3427734375 0.1337890625 0.130859375
0 0.177734375 0.673828125 0.0703125 0.060546875
0 0.3154296875 0.5810546875 0.078125 0.11328125
0 0.14892578125 0.40625 0.0341796875 0.044921875
0 0.025390625 0.7578125 0.041015625 0.107421875
0 0.005859375 0.90234375 0.009765625 0.017578125
0 0.47802734375 0.033203125 0.1162109375 0.037109375
0 0.908203125 0.01953125 0.0390625 0.037109375
0 0.591796875 0.21923828125 0.16015625 0.1708984375
0 0.78466796875 0.3662109375 0.0576171875 0.0546875
0 0.822265625 0.26123046875 0.048828125 0.0537109375
0 0.64453125 0.40966796875 0.150390625 0.1552734375
0 0.79638671875 0.66748046875 0.0458984375 0.0576171875
0 0.52587890625 0.58447265625 0.1630859375 0.1533203125
0 0.56787109375 0.75341796875 0.1416015625 0.1455078125
0 0.41943359375 0.9140625 0.1435546875 0.138671875
0 0.65380859375 0.82421875 0.0595703125 0.029296875
0 0.36474609375 0.97412109375 0.0712890625 0.0517578125
0 0.4755859375 0.9599609375 0.14453125 0.080078125
0 0.60546875 0.99853515625 0.03125 0.0029296875
