0 0.03857421875 0.208984375 0.0751953125 0.140625
0 0.16796875 0.13916015625 0.080078125 0.0986328125
0 0.18017578125 0.0302734375 0.1474609375 0.05859375
0 0.2646484375 0.1884765625 0.140625 0.146484375
0 0.11181640625 0.26904296875 0.0615234375 0.0634765625
0 0.314453125 0.3662109375 0.0546875 0.048828125
0 0.07666015625 0.48388671875 0.1513671875 0.1533203125
0 0.19482421875 0.849609375 0.1806640625 0.1640625
0 0.26025390625 0.9619140625 0.0771484375 0.076171875
0 0.0234375 0.9443359375 0.044921875 0.025390625
0 0.03955078125 0.84814453125 0.0458984375 0.0732421875
0 0.41650390625 0.11865234375 0.1591796875 0.1416015625
0 0.580078125 0.04052734375 0.169921875 0.0791015625
0 0.9443359375 0.03173828125 0.0703125 0.0615234375
0 0.556640625 0.1689453125 0.044921875 0.0703125
0 0.9462890625 0.27880859375 0.1015625 0.1572265625
0 0.63330078125 0.51611328125 0.1279296875 0.1357421875
0 0.59716796875 0.6767578125 0.1083984375 0.142578125
0 0.33349609375 0.716796875 0.1533203125 0.140625
0 0.47802734375 0.8251953125 0.1162109375 0.037109375
0 0.9775390625 0.6875 0.041015625 0.099609375
0 0.859375 0.7607421875 0.064453125 0.05078125
0 0.908203125 0.80712890625 0.0390625 0.0458984375
0 0.59423828125 0.962890625 0.1494140625 0.07421875
