0 0.06103515625 0.06201171875 0.0595703125 0.0654296875
0 0.0126953125 0.7099609375 0.0234375 0.087890625
0 0.17236328125 0.095703125 0.0927734375 0.16015625
0 0.26806640625 0.103515625 0.1728515625 0.171875
0 0.67578125 0.1279296875 0.06640625 0.068359375
0 0.45166015625 0.32958984375 0.1748046875 0.1806640625
0 0.8701171875 0.26171875 0.15234375 0.16015625
0 0.9541015625 0.3408203125 0.091796875 0.140625
0 0.69384765625 0.4208984375 0.1279296875 0.13671875
0 0.814453125 0.44189453125 0.138671875 0.1552734375
0 0.8916015625 0.5498046875 0.138671875 0.12890625
0 0.10107421875 0.66455078125 0.1455078125 0.1630859375
0 0.3076171875 0.57080078125 0.056640625 0.0732421875
0 0.07421875 0.7607421875 0.13671875 0.080078125
0 0.193359375 0.72509765625 0.08203125 0.0673828125
0 0.2685546875 0.69482421875 0.140625 0.1162109375
0 0.5703125 0.84765625 0.080078125 0.095703125
0 0.63330078125 0.83935546875 0.1123046875 0.1025390625
0 0.50341796875 0.88330078125 0.0458984375 0.0478515625
0 0.70556640625 0.81298828125 0.0830078125 0.1240234375
0 0.83056640625 0.87353515625 0.1318359375 0.1357421875
0 0.83349609375 0.7783203125 0.1259765625 0.0859375
0 0.40869140625 0.994140625 0.0966796875 0.01171875
0 0.88427734375 0.96875 0.0537109375 0.0625
0 0.96728515625 0.232421875 0.0654296875 0.08203125
