0 0.00390625 0.21826171875 0.005859375 0.0498046875
0 0.0439453125 0.302734375 0.0859375 0.09765625
0 0.0390625 0.9091796875 0.076171875 0.150390625
0 0.01806640625 0.54541015625 0.0341796875 0.0732421875
0 0.7265625 0.00732421875 0.060546875 0.0126953125
0 0.966796875 0.00634765625 0.037109375 0.0107421875
0 0.1767578125 0.0478515625 0.10546875 0.09375
0 0.6845703125 0.056640625 0.15234375 0.08203125
0 0.6357421875 0.1650390625 0.12890625 0.150390625
0 0.80029296875 0.1708984375 0.1083984375 0.1015625
0 0.3037109375 0.4072265625 0.11328125 0.1171875
0 0.36962890625 0.630859375 0.1884765625 0.169921875
0 0.51806640625 0.583984375 0.1337890625 0.111328125
0 0.6923828125 0.6357421875 0.048828125 0.060546875
0 0.7294921875 0.7568359375 0.0703125 0.0703125
0 0.6123046875 0.81982421875 0.158203125 0.1669921875
