0 0.16943359375 0.71044921875 0.1298828125 0.1376953125
0 0.1474609375 0.85595703125 0.13671875 0.1201171875
0 0.36181640625 0.03955078125 0.1494140625 0.0771484375
0 0.65576171875 0.015625 0.0888671875 0.029296875
0 0.990234375 0.00390625 0.01953125 0.005859375
0 0.61181640625 0.13671875 0.1708984375 0.166015625
0 0.99462890625 0.24609375 0.0107421875 0.06640625
0 0.4404296875 0.5888671875 0.166015625 0.16015625
0 0.990234375 0.552734375 0.01953125 0.021484375
0 0.81103515625 0.76513671875 0.1396484375 0.1611328125
0 0.9306640625 0.73046875 0.138671875 0.162109375
0 0.78564453125 0.9853515625 0.0595703125 0.029296875
0 0.85546875 0.9814453125 0.126953125 0.037109375
