0 0.4677734375 0.015625 0.033203125 0.029296875
0 0.48876953125 0.18701171875 0.1142578125 0.1298828125
0 0.59765625 0.1064453125 0.1328125 0.14453125
0 0.73486328125 0.19775390625 0.1240234375 0.1279296875
0 0.62890625 0.2529296875 0.134765625 0.142578125
0 0.39697265625 0.36279296875 0.0869140625 0.1318359375
0 0.49560546875 0.46826171875 0.1376953125 0.1455078125
0 0.041015625 0.71337890625 0.080078125 0.0732421875
0 0.17138671875 0.74462890625 0.1083984375 0.1220703125
0 0.20068359375 0.880859375 0.1181640625 0.12890625
0 0.59619140625 0.76513671875 0.0751953125 0.0791015625
0 0.83349609375 0.79931640625 0.1416015625 0.1376953125
0 0.78466796875 0.951171875 0.1650390625 0.09375
0 0.6875 0.9287109375 0.03125 0.03515625
0 0.9521484375 0.92333984375 0.08984375 0.1494140625
