0 0.7548828125 0.05229716520039101 0.18359375 0.10263929618768329
0 0.36669921875 0.05767350928641251 0.0693359375 0.07038123167155426
0 0.5146484375 0.09237536656891496 0.076171875 0.0772238514173998
0 0.0869140625 0.06060606060606061 0.123046875 0.093841642228739
0 0.08056640625 0.1520039100684262 0.1455078125 0.12023460410557185
0 0.3095703125 0.12072336265884653 0.060546875 0.06744868035190615
0 0.4765625 0.42717497556207235 0.0390625 0.06256109481915934
0 0.74951171875 0.3465298142717498 0.1240234375 0.10850439882697947
0 0.95556640625 0.12805474095796676 0.0888671875 0.11730205278592376
0 0.04052734375 0.2854349951124145 0.0791015625 0.09775171065493646
0 0.39892578125 0.64613880742913 0.1630859375 0.13294232649071358
0 0.5068359375 0.6559139784946236 0.09375 0.10557184750733138
0 0.83984375 0.4912023460410557 0.150390625 0.15933528836754643
0 0.884765625 0.6608015640273704 0.078125 0.06451612903225806
0 0.8935546875 0.5987292277614858 0.06640625 0.0635386119257087
0 0.5107421875 0.9716520039100685 0.109375 0.056695992179863146
