0 0.51171875 0.2890625 0.169921875 0.171875
0 0.18798828125 0.25341796875 0.0947265625 0.1064453125
0 0.22216796875 0.390625 0.0810546875 0.1015625
0 0.142578125 0.56884765625 0.060546875 0.1064453125
0 0.013671875 0.88720703125 0.025390625 0.0615234375
0 0.39013671875 0.82470703125 0.1455078125 0.1357421875
0 0.7314453125 0.6591796875 0.115234375 0.150390625
0 0.80615234375 0.6025390625 0.0732421875 0.06640625
0 0.93896484375 0.578125 0.1220703125 0.13671875
0 0.8828125 0.97705078125 0.046875 0.0458984375
