0 0.0751953125 0.08447265625 0.111328125 0.1435546875
0 0.33642578125 0.28369140625 0.1455078125 0.0947265625
0 0.046875 0.47216796875 0.091796875 0.1708984375
0 0.0751953125 0.73388671875 0.1484375 0.2001953125
0 0.20849609375 0.568359375 0.1767578125 0.193359375
0 0.16015625 0.92138671875 0.14453125 0.1533203125
0 0.00146484375 0.841796875 0.0009765625 0.005859375
0 0.21484375 0.7060546875 0.171875 0.08203125
0 0.35107421875 0.849609375 0.1357421875 0.17578125
0 0.43408203125 0.96484375 0.1591796875 0.064453125
0 0.6064453125 0.076171875 0.166015625 0.150390625
0 0.68701171875 0.03515625 0.0556640625 0.068359375
0 0.47509765625 0.3466796875 0.1513671875 0.138671875
0 0.4013671875 0.5048828125 0.076171875 0.087890625
0 0.5712890625 0.68359375 0.154296875 0.16015625
0 0.9697265625 0.58154296875 0.056640625 0.1611328125
