0 0.2646484375 0.6884765625 0.185546875 0.1953125
0 0.07421875 0.95361328125 0.146484375 0.0927734375
0 0.7001953125 0.08349609375 0.126953125 0.1435546875
0 0.83251953125 0.0810546875 0.0751953125 0.11328125
0 0.85693359375 0.52490234375 0.1591796875 0.1591796875
0 0.5439453125 0.919921875 0.162109375 0.16015625
0 0.6826171875 0.8095703125 0.130859375 0.15625
0 0.81103515625 0.89013671875 0.1904296875 0.2021484375
0 0.9541015625 0.90283203125 0.091796875 0.1611328125
0 0.72314453125 0.9716796875 0.1259765625 0.056640625
