0 0.02587890625 0.044965786901270774 0.0498046875 0.08797653958944282
0 0.083984375 0.135386119257087 0.166015625 0.19452590420332355
0 0.00390625 0.3836754643206256 0.005859375 0.047898338220918865
0 0.0341796875 0.5474095796676441 0.06640625 0.14076246334310852
0 0.1796875 0.39051808406647115 0.111328125 0.08113391984359726
0 0.44873046875 0.5175953079178885 0.1240234375 0.12805474095796676
0 0.064453125 0.7091886608015641 0.126953125 0.12609970674486803
0 0.064453125 0.9071358748778103 0.126953125 0.18572825024437928
0 0.30078125 0.9726295210166178 0.029296875 0.05474095796676442
0 0.4375 0.9286412512218963 0.130859375 0.14271749755620725
0 0.87060546875 0.04447702834799609 0.1298828125 0.08699902248289346
0 0.89990234375 0.09872922776148582 0.1240234375 0.11925708699902249
0 0.822265625 0.23264907135874877 0.103515625 0.09970674486803519
