0 0.7998046875 0.013671875 0.09375 0.025390625
0 0.9248046875 0.07177734375 0.150390625 0.1201171875
0 0.7958984375 0.19873046875 0.16796875 0.1826171875
0 0.63427734375 0.1416015625 0.1279296875 0.134765625
0 0.3291015625 0.1640625 0.041015625 0.107421875
0 0.2939453125 0.29541015625 0.119140625 0.1064453125
0 0.2431640625 0.50390625 0.130859375 0.126953125
0 0.96875 0.30859375 0.0625 0.150390625
0 0.48193359375 0.74951171875 0.1591796875 0.1591796875
0 0.6845703125 0.73291015625 0.107421875 0.1357421875
0 0.06396484375 0.79736328125 0.1259765625 0.1669921875
0 0.53076171875 0.93896484375 0.2001953125 0.1162109375
