0 0.52392578125 0.09814453125 0.1787109375 0.1669921875
0 0.580078125 0.18896484375 0.13671875 0.0791015625
0 0.26220703125 0.6455078125 0.0751953125 0.1328125
0 0.3525390625 0.64501953125 0.140625 0.1572265625
0 0.4775390625 0.7255859375 0.154296875 0.130859375
0 0.740234375 0.546875 0.115234375 0.11328125
0 0.72998046875 0.708984375 0.1298828125 0.12890625
0 0.81640625 0.81298828125 0.1484375 0.1201171875
0 0.7314453125 0.9462890625 0.130859375 0.107421875
0 0.576171875 0.97998046875 0.140625 0.0400390625
