0 0.27587890625 0.10997067448680352 0.0576171875 0.047898338220918865
0 0.09130859375 0.24486803519061584 0.0654296875 0.0635386119257087
0 0.19189453125 0.36314760508308896 0.0458984375 0.04985337243401759
0 0.46630859375 0.20039100684261973 0.0361328125 0.05474095796676442
0 0.32861328125 0.3949169110459433 0.0615234375 0.06647116324535679
0 0.396484375 0.42668621700879766 0.064453125 0.08113391984359726
0 0.31201171875 0.530791788856305 0.0556640625 0.06060606060606061
0 0.17333984375 0.5498533724340176 0.0498046875 0.059628543499511244
0 0.12939453125 0.6109481915933529 0.0556640625 0.06842619745845552
0 0.150390625 0.5884652981427175 0.041015625 0.04105571847507331
0 0.31640625 0.6705767350928641 0.056640625 0.06256109481915934
0 0.20068359375 0.7932551319648093 0.0712890625 0.0635386119257087
0 0.64404296875 0.6036168132942327 0.1923828125 0.1378299120234604
0 0.60693359375 0.7443792766373412 0.1884765625 0.17888563049853373
0 0.50634765625 0.7956989247311828 0.0751953125 0.0801564027370479
0 0.82373046875 0.7150537634408602 0.1591796875 0.16129032258064516
0 0.783203125 0.8015640273704789 0.142578125 0.14467253176930597
0 0.58642578125 0.8685239491691105 0.0732421875 0.06549364613880743
0 0.515625 0.9701857282502444 0.06640625 0.059628543499511244
0 0.66162109375 0.8778103616813294 0.0576171875 0.05278592375366569
0 0.88037109375 0.9618768328445748 0.1455078125 0.07624633431085044
0 0.44580078125 0.07869012707722385 0.0673828125 0.06940371456500488
0 0.50439453125 0.059628543499511244 0.0615234375 0.06060606060606061
0 0.58203125 0.06500488758553274 0.060546875 0.07526881720430108
0 0.98046875 0.5469208211143695 0.0390625 0.12609970674486803
0 0.9384765625 0.8651026392961877 0.123046875 0.20527859237536658
