0 0.0146484375 0.2607421875 0.02734375 0.091796875
0 0.0361328125 0.6904296875 0.0703125 0.05078125
0 0.26220703125 0.046875 0.1337890625 0.091796875
0 0.775390625 0.1171875 0.125 0.119140625
0 0.20947265625 0.291015625 0.1142578125 0.10546875
0 0.77978515625 0.2255859375 0.0400390625 0.03515625
0 0.8203125 0.34375 0.033203125 0.06640625
0 0.0986328125 0.51513671875 0.1875 0.1650390625
0 0.16455078125 0.6455078125 0.1611328125 0.1640625
0 0.5673828125 0.62890625 0.1015625 0.1640625
0 0.41455078125 0.84619140625 0.1630859375 0.1552734375
0 0.34423828125 0.95166015625 0.1474609375 0.0966796875
0 0.92626953125 0.5703125 0.1474609375 0.166015625
