0 0.1171875 0.14111328125 0.19140625 0.1826171875
0 0.33544921875 0.0244140625 0.1181640625 0.046875
0 0.6005859375 0.0341796875 0.1640625 0.06640625
0 0.87353515625 0.06201171875 0.0595703125 0.0654296875
0 0.421875 0.16943359375 0.068359375 0.0888671875
0 0.33642578125 0.388671875 0.1767578125 0.1796875
0 0.568359375 0.380859375 0.15625 0.15625
0 0.0498046875 0.50244140625 0.09765625 0.1552734375
0 0.39111328125 0.498046875 0.0693359375 0.08984375
0 0.43603515625 0.4892578125 0.1162109375 0.12890625
0 0.642578125 0.5595703125 0.201171875 0.171875
0 0.15625 0.73193359375 0.1484375 0.1455078125
0 0.45654296875 0.7685546875 0.1689453125 0.15625
0 0.6181640625 0.69091796875 0.10546875 0.0712890625
0 0.74853515625 0.70654296875 0.1767578125 0.1591796875
0 0.15869140625 0.9599609375 0.1181640625 0.080078125
0 0.96923828125 0.095703125 0.0615234375 0.16015625
0 0.9970703125 0.12548828125 0.005859375 0.0205078125
0 0.91357421875 0.66455078125 0.1455078125 0.1630859375
0 0.88671875 0.7607421875 0.13671875 0.080078125
0 0.982421875 0.720703125 0.03515625 0.05078125
