0 0.09033203125 0.04052734375 0.1103515625 0.0791015625
0 0.36962890625 0.0849609375 0.2060546875 0.16796875
0 0.2822265625 0.140625 0.080078125 0.08984375
0 0.64501953125 0.0595703125 0.1943359375 0.1171875
0 0.57080078125 0.30078125 0.1201171875 0.126953125
0 0.42919921875 0.74267578125 0.1416015625 0.1318359375
0 0.6005859375 0.8681640625 0.087890625 0.068359375
0 0.1884765625 0.98828125 0.173828125 0.0234375
0 0.97265625 0.0595703125 0.0546875 0.1171875
0 0.75 0.203125 0.16015625 0.1796875
0 0.8212890625 0.37939453125 0.177734375 0.1845703125
0 0.70361328125 0.6025390625 0.1845703125 0.19140625
0 0.95458984375 0.72607421875 0.0908203125 0.1005859375
0 0.93359375 0.48193359375 0.08203125 0.1044921875
