0 0.638671875 0.0947265625 0.138671875 0.10546875
0 0.54931640625 0.138671875 0.1201171875 0.12109375
0 0.22265625 0.33837890625 0.130859375 0.1103515625
0 0.1748046875 0.4658203125 0.046875 0.083984375
0 0.25634765625 0.50439453125 0.1201171875 0.1083984375
0 0.611328125 0.42138671875 0.099609375 0.0986328125
0 0.71435546875 0.54443359375 0.1044921875 0.1181640625
0 0.95849609375 0.71044921875 0.0830078125 0.1376953125
0 0.94580078125 0.85595703125 0.1083984375 0.1201171875
0 0.044921875 0.9013671875 0.087890625 0.14453125
