0 0.2734375 0.69091796875 0.193359375 0.1845703125
0 0.4091796875 0.78076171875 0.0546875 0.0595703125
0 0.0869140625 0.7529296875 0.05078125 0.0390625
0 0.037109375 0.61865234375 0.041015625 0.0380859375
0 0.87255859375 0.45068359375 0.0458984375 0.0361328125
0 0.92041015625 0.45458984375 0.0556640625 0.0556640625
0 0.4033203125 0.9912109375 0.060546875 0.017578125
0 0.85009765625 0.98388671875 0.0517578125 0.0322265625
0 0.89892578125 0.8212890625 0.0615234375 0.0625
0 0.91748046875 0.88330078125 0.0654296875 0.0576171875
0 0.88671875 0.9150390625 0.02734375 0.044921875
