0 0.17333984375 0.037109375 0.0888671875 0.072265625
0 0.57666015625 0.03369140625 0.1025390625 0.0654296875
0 0.01611328125 0.12548828125 0.0302734375 0.1083984375
0 0.5595703125 0.1474609375 0.16015625 0.169921875
0 0.03466796875 0.10302734375 0.0263671875 0.0556640625
0 0.54931640625 0.25830078125 0.0595703125 0.0712890625
0 0.6494140625 0.2333984375 0.15625 0.146484375
0 0.796875 0.201171875 0.064453125 0.05859375
0 0.234375 0.52978515625 0.0703125 0.0849609375
0 0.1875 0.79833984375 0.16796875 0.1748046875
0 0.5771484375 0.57958984375 0.099609375 0.1103515625
0 0.66259765625 0.5400390625 0.1181640625 0.125
0 0.64794921875 0.8037109375 0.1220703125 0.130859375
0 0.60546875 0.93212890625 0.05078125 0.0595703125
0 0.05810546875 0.9501953125 0.1142578125 0.099609375
0 0.17626953125 0.94580078125 0.1279296875 0.1083984375
0 0.99365234375 0.01025390625 0.0126953125 0.0185546875
0 0.98779296875 0.0234375 0.0244140625 0.02734375
0 0.9443359375 0.462890625 0.111328125 0.130859375
0 0.82666015625 0.544921875 0.1650390625 0.166015625
0 0.884765625 0.95361328125 0.1015625 0.0927734375
