0 0.099609375 0.109375 0.185546875 0.1875
0 0.04931640625 0.48876953125 0.0966796875 0.1669921875
0 0.26171875 0.03271484375 0.1484375 0.0634765625
0 0.39404296875 0.21435546875 0.1201171875 0.1591796875
0 0.7431640625 0.36279296875 0.130859375 0.1298828125
0 0.8857421875 0.33984375 0.08203125 0.1015625
0 0.7958984375 0.73291015625 0.087890625 0.1201171875
0 0.56982421875 0.76171875 0.0458984375 0.0703125
0 0.35595703125 0.7119140625 0.1767578125 0.16015625
0 0.2255859375 0.84716796875 0.166015625 0.1611328125
0 0.330078125 0.8408203125 0.1015625 0.162109375
0 0.41455078125 0.94580078125 0.1630859375 0.1083984375
0 0.9482421875 0.958984375 0.103515625 0.08203125
