0 0.19873046875 0.0849609375 0.0458984375 0.06640625
0 0.283203125 0.14013671875 0.0703125 0.0732421875
0 0.3388671875 0.2177734375 0.068359375 0.046875
0 0.1279296875 0.44189453125 0.052734375 0.0888671875
0 0.67041015625 0.0556640625 0.1611328125 0.109375
0 0.90966796875 0.109375 0.1806640625 0.1875
0 0.8330078125 0.48828125 0.154296875 0.16796875
0 0.2998046875 0.64208984375 0.103515625 0.1259765625
0 0.50244140625 0.63671875 0.1220703125 0.115234375
0 0.57666015625 0.7431640625 0.0595703125 0.05859375
0 0.32470703125 0.8779296875 0.1201171875 0.12890625
0 0.03759765625 0.86572265625 0.0732421875 0.1455078125
0 0.9775390625 0.84765625 0.044921875 0.138671875
