0 0.03955078125 0.04105571847507331 0.0771484375 0.0801564027370479
0 0.16943359375 0.5879765395894428 0.0751953125 0.1436950146627566
0 0.0341796875 0.7429130009775171 0.06640625 0.14858260019550343
0 0.11328125 0.8636363636363636 0.15234375 0.12023460410557185
0 0.03173828125 0.9511241446725318 0.0615234375 0.09775171065493646
0 0.8916015625 0.01466275659824047 0.10546875 0.02737047898338221
0 0.70751953125 0.044965786901270774 0.1455078125 0.08797653958944282
0 0.7734375 0.11339198435972629 0.091796875 0.08993157380254155
0 0.55126953125 0.2233626588465298 0.0634765625 0.05767350928641251
0 0.447265625 0.25806451612903225 0.060546875 0.06647116324535679
0 0.51171875 0.33235581622678395 0.076171875 0.08406647116324535
0 0.5537109375 0.4095796676441838 0.05859375 0.04887585532746823
0 0.474609375 0.49608993157380255 0.064453125 0.059628543499511244
0 0.611328125 0.48191593352883677 0.0546875 0.03714565004887586
0 0.9716796875 0.42424242424242425 0.056640625 0.14467253176930597
0 0.95849609375 0.5620723362658846 0.0830078125 0.07820136852394917
0 0.93505859375 0.6852394916911045 0.1298828125 0.16422287390029325
0 0.98828125 0.750733137829912 0.0234375 0.1270772238514174
0 0.48193359375 0.8494623655913979 0.0556640625 0.05865102639296188
0 0.90185546875 0.9359726295210166 0.1396484375 0.12805474095796676
0 0.95556640625 0.8856304985337243 0.0888671875 0.15053763440860216
0 0.56640625 0.9780058651026393 0.064453125 0.04398826979472141
0 0.474609375 0.9975562072336266 0.0234375 0.004887585532746823
0 0.60693359375 0.6485826001955034 0.0634765625 0.03812316715542522
