0 0.81640625 0.04105571847507331 0.1484375 0.0801564027370479
0 0.7314453125 0.16324535679374388 0.130859375 0.12512218963831867
0 0.5771484375 0.24389051808406648 0.16015625 0.15151515151515152
0 0.02734375 0.4965786901270772 0.052734375 0.14271749755620725
0 0.025390625 0.6686217008797654 0.048828125 0.10948191593352884
0 0.97216796875 0.5879765395894428 0.0556640625 0.1436950146627566
0 0.8046875 0.7434017595307918 0.150390625 0.1495601173020528
0 0.9248046875 0.8636363636363636 0.150390625 0.12023460410557185
0 0.798828125 0.9496578690127078 0.15234375 0.10068426197458455
0 0.63427734375 0.9330400782013685 0.1279296875 0.13391984359726294
0 0.32861328125 0.9511241446725318 0.0400390625 0.09775171065493646
0 0.2734375 0.5576735092864125 0.076171875 0.07331378299120235
