0 0.07177734375 0.5146484375 0.0693359375 0.07421875
0 0.021484375 0.8935546875 0.041015625 0.119140625
0 0.068359375 0.9560546875 0.134765625 0.078125
0 0.02392578125 0.10107421875 0.0224609375 0.0205078125
0 0.58935546875 0.1259765625 0.0537109375 0.05859375
0 0.939453125 0.1640625 0.056640625 0.04296875
0 0.86865234375 0.14111328125 0.0400390625 0.0556640625
0 0.7275390625 0.2822265625 0.05078125 0.048828125
0 0.53271484375 0.47705078125 0.0380859375 0.0400390625
0 0.720703125 0.22900390625 0.033203125 0.0322265625
0 0.669921875 0.412109375 0.04296875 0.0703125
0 0.98974609375 0.37255859375 0.0205078125 0.0615234375
0 0.86669921875 0.5107421875 0.0556640625 0.125
0 0.98388671875 0.52685546875 0.0322265625 0.0771484375
0 0.5830078125 0.3720703125 0.029296875 0.021484375
0 0.5419921875 0.8076171875 0.16796875 0.173828125
0 0.4482421875 0.91015625 0.0703125 0.0703125
0 0.60107421875 0.90234375 0.1123046875 0.107421875
0 0.84130859375 0.89599609375 0.0712890625 0.0888671875
0 0.3662109375 0.91357421875 0.05859375 0.0732421875
