0 0.03955078125 0.81298828125 0.0771484375 0.1201171875
0 0.24951171875 0.21044921875 0.0673828125 0.0654296875
0 0.37109375 0.1845703125 0.0546875 0.05859375
0 0.66015625 0.17041015625 0.15234375 0.1396484375
0 0.78564453125 0.10009765625 0.0732421875 0.0498046875
0 0.849609375 0.39990234375 0.14453125 0.1083984375
0 0.77587890625 0.00830078125 0.0498046875 0.0146484375
0 0.98974609375 0.3271484375 0.0205078125 0.048828125
0 0.52294921875 0.34619140625 0.0556640625 0.0791015625
0 0.34814453125 0.51708984375 0.0732421875 0.0693359375
0 0.5478515625 0.62158203125 0.126953125 0.1064453125
0 0.77392578125 0.494140625 0.1025390625 0.083984375
0 0.9365234375 0.67919921875 0.126953125 0.1708984375
0 0.8779296875 0.7626953125 0.154296875 0.115234375
0 0.70751953125 0.81298828125 0.1455078125 0.1357421875
0 0.7734375 0.9052734375 0.091796875 0.08984375
0 0.54541015625 0.9931640625 0.0478515625 0.013671875
