0 0.11083984375 0.0068359375 0.0615234375 0.01171875
0 0.06396484375 0.4931640625 0.1259765625 0.130859375
0 0.47705078125 0.0302734375 0.1455078125 0.05859375
0 0.95849609375 0.05810546875 0.0830078125 0.1142578125
0 0.67333984375 0.162109375 0.0576171875 0.08984375
0 0.8818359375 0.36572265625 0.158203125 0.1533203125
0 0.974609375 0.33544921875 0.037109375 0.0380859375
0 0.79833984375 0.494140625 0.1650390625 0.166015625
0 0.7529296875 0.6630859375 0.1484375 0.142578125
0 0.96435546875 0.58203125 0.0712890625 0.109375
0 0.80029296875 0.88525390625 0.1376953125 0.1494140625
0 0.9365234375 0.94482421875 0.126953125 0.1103515625
