0 0.11865234375 0.08211143695014662 0.0947265625 0.11534701857282502
0 0.27685546875 0.2859237536656892 0.1787109375 0.1652003910068426
0 0.015625 0.5547409579667644 0.029296875 0.11632453567937438
0 0.06103515625 0.6847507331378299 0.0673828125 0.08113391984359726
0 0.0849609375 0.7541544477028348 0.16796875 0.17888563049853373
0 0.138671875 0.6842619745845552 0.109375 0.11143695014662756
0 0.4140625 0.23998044965786902 0.12109375 0.1104594330400782
0 0.6259765625 0.4046920821114369 0.05859375 0.07038123167155426
0 0.52197265625 0.46529814271749753 0.1513671875 0.15640273704789834
0 0.44970703125 0.7160312805474096 0.1064453125 0.12218963831867058
0 0.986328125 0.7282502443792767 0.02734375 0.11730205278592376
0 0.46044921875 0.7917888563049853 0.1044921875 0.07038123167155426
0 0.85546875 0.9980449657869013 0.021484375 0.0039100684261974585
