0 0.2841796875 0.00830078125 0.0625 0.0146484375
0 0.7021484375 0.10009765625 0.142578125 0.1435546875
0 0.9619140625 0.36083984375 0.076171875 0.1748046875
0 0.52294921875 0.4306640625 0.1591796875 0.162109375
0 0.91943359375 0.58642578125 0.1611328125 0.1787109375
0 0.1904296875 0.22119140625 0.0859375 0.0771484375
0 0.23291015625 0.2939453125 0.0673828125 0.08984375
0 0.2841796875 0.451171875 0.138671875 0.15234375
0 0.1357421875 0.4951171875 0.1875 0.197265625
0 0.0302734375 0.74951171875 0.05859375 0.0693359375
0 0.34912109375 0.6796875 0.1513671875 0.1328125
0 0.533203125 0.75048828125 0.1171875 0.1103515625
0 0.47216796875 0.8955078125 0.0888671875 0.115234375
0 0.63671875 0.99365234375 0.03515625 0.0126953125
0 0.763671875 0.74169921875 0.0625 0.0654296875
0 0.87353515625 0.90966796875 0.1669921875 0.1650390625
0 0.96923828125 0.859375 0.0615234375 0.169921875
