0 0.09765625 0.0712890625 0.08984375 0.13671875
0 0.296875 0.1669921875 0.181640625 0.18359375
0 0.03271484375 0.3896484375 0.0634765625 0.123046875
0 0.14404296875 0.47021484375 0.1591796875 0.1474609375
0 0.37890625 0.37109375 0.134765625 0.115234375
0 0.49462890625 0.16357421875 0.1572265625 0.1533203125
0 0.67041015625 0.04052734375 0.0791015625 0.0791015625
0 0.6279296875 0.69482421875 0.091796875 0.1533203125
0 0.7763671875 0.75341796875 0.04296875 0.0732421875
0 0.2099609375 0.83154296875 0.154296875 0.1689453125
0 0.2880859375 0.71923828125 0.0546875 0.1064453125
0 0.00927734375 0.986328125 0.0166015625 0.02734375
0 0.81494140625 0.95849609375 0.1005859375 0.0830078125
