0 0.3359375 0.5635386119257088 0.138671875 0.10850439882697947
0 0.45361328125 0.6275659824046921 0.0927734375 0.09775171065493646
0 0.46044921875 0.8387096774193549 0.0791015625 0.06060606060606061
0 0.61181640625 0.6964809384164223 0.1220703125 0.1436950146627566
0 0.03125 0.8514173998044966 0.060546875 0.12121212121212122
0 0.9609375 0.022482893450635387 0.078125 0.043010752688172046
0 0.7958984375 0.22140762463343108 0.1328125 0.15933528836754643
0 0.97900390625 0.3093841642228739 0.0419921875 0.12218963831867058
0 0.9921875 0.4975562072336266 0.015625 0.05278592375366569
0 0.90087890625 0.6466275659824047 0.1435546875 0.13978494623655913
