0 0.0087890625 0.1923828125 0.015625 0.037109375
0 0.451171875 0.00732421875 0.04296875 0.0126953125
0 0.19482421875 0.0126953125 0.0400390625 0.0234375
0 0.181640625 0.0244140625 0.037109375 0.029296875
0 0.23291015625 0.1064453125 0.0615234375 0.052734375
0 0.291015625 0.08251953125 0.033203125 0.0244140625
0 0.3564453125 0.13232421875 0.12109375 0.1142578125
0 0.4970703125 0.18310546875 0.052734375 0.0341796875
0 0.30712890625 0.30712890625 0.1083984375 0.1337890625
0 0.35498046875 0.341796875 0.1474609375 0.15234375
0 0.95849609375 0.0703125 0.0830078125 0.138671875
0 0.81884765625 0.13916015625 0.0791015625 0.0517578125
0 0.85205078125 0.05615234375 0.0458984375 0.0732421875
0 0.87109375 0.3427734375 0.15234375 0.130859375
0 0.146484375 0.46337890625 0.140625 0.1318359375
0 0.048828125 0.544921875 0.095703125 0.166015625
0 0.9775390625 0.673828125 0.044921875 0.060546875
0 0.96142578125 0.40625 0.0341796875 0.044921875
0 0.41845703125 0.814453125 0.0595703125 0.064453125
0 0.2900390625 0.74609375 0.05078125 0.05078125
0 0.54833984375 0.69287109375 0.0537109375 0.0380859375
0 0.81201171875 0.7578125 0.0927734375 0.107421875
0 0.78955078125 0.9091796875 0.0673828125 0.06640625
0 0.6494140625 0.92529296875 0.05859375 0.0537109375
0 0.072265625 0.95361328125 0.1015625 0.0927734375
0 0.23046875 0.994140625 0.0703125 0.01171875
