0 0.10302734375 0.07568359375 0.1669921875 0.1474609375
0 0.26806640625 0.1923828125 0.1240234375 0.123046875
0 0.0712890625 0.556640625 0.140625 0.16796875
0 0.39990234375 0.17236328125 0.0361328125 0.0732421875
0 0.65869140625 0.63134765625 0.1298828125 0.1044921875
0 0.03515625 0.6904296875 0.068359375 0.1328125
0 0.07666015625 0.8017578125 0.1513671875 0.162109375
0 0.25830078125 0.5419921875 0.0830078125 0.125
0 0.1982421875 0.90478515625 0.09375 0.1064453125
0 0.93603515625 0.091796875 0.1279296875 0.140625
0 0.99169921875 0.0498046875 0.0166015625 0.09765625
0 0.97314453125 0.60791015625 0.0537109375 0.1064453125
