0 0.0673828125 0.26171875 0.1328125 0.16015625
0 0.1669921875 0.34130859375 0.142578125 0.1416015625
0 0.0361328125 0.44189453125 0.0703125 0.1552734375
0 0.0791015625 0.5498046875 0.138671875 0.12890625
0 0.04248046875 0.87353515625 0.0830078125 0.1357421875
0 0.04248046875 0.7783203125 0.0830078125 0.0859375
0 0.07177734375 0.96875 0.0537109375 0.0625
0 0.171875 0.2431640625 0.099609375 0.103515625
0 0.69140625 0.05859375 0.19140625 0.115234375
0 0.9228515625 0.24853515625 0.154296875 0.1826171875
0 0.95458984375 0.45556640625 0.0908203125 0.1513671875
0 0.99169921875 0.58203125 0.0166015625 0.1015625
0 0.74658203125 0.69384765625 0.1318359375 0.1044921875
0 0.30810546875 0.83935546875 0.1220703125 0.1220703125
0 0.9111328125 0.8857421875 0.158203125 0.12109375
