0 0.06689453125 0.5537109375 0.1318359375 0.1484375
0 0.255859375 0.51806640625 0.154296875 0.1591796875
0 0.3525390625 0.55517578125 0.068359375 0.0791015625
0 0.2724609375 0.619140625 0.1328125 0.087890625
0 0.58056640625 0.26806640625 0.1591796875 0.1884765625
0 0.7392578125 0.26416015625 0.1796875 0.1962890625
0 0.95947265625 0.05126953125 0.0810546875 0.1005859375
0 0.8955078125 0.18994140625 0.078125 0.1142578125
0 0.58642578125 0.6416015625 0.1787109375 0.177734375
0 0.7265625 0.5107421875 0.1640625 0.185546875
0 0.17822265625 0.96826171875 0.0478515625 0.0634765625
0 0.7431640625 0.7607421875 0.12109375 0.146484375
