0 0.52587890625 0.05517578125 0.0400390625 0.0498046875
0 0.2509765625 0.27490234375 0.1640625 0.1689453125
0 0.28857421875 0.34814453125 0.0947265625 0.0947265625
0 0.74951171875 0.2705078125 0.1826171875 0.14453125
0 0.00439453125 0.86767578125 0.0068359375 0.0263671875
0 0.1396484375 0.95068359375 0.107421875 0.0908203125
0 0.724609375 0.85302734375 0.14453125 0.1162109375
0 0.826171875 0.6845703125 0.115234375 0.099609375
0 0.982421875 0.28271484375 0.03515625 0.0810546875
0 0.90869140625 0.51513671875 0.1826171875 0.1650390625
0 0.9482421875 0.6455078125 0.103515625 0.1640625
